10000
15450
19042
10965
5712
325
5714
19419
17210
1021
8930
3572
18357
14758
4091
5924
19673
9299
19292
14689
13423
4619
906
8754
10772
18792
465
19112
11908
6702
14090
14743
677
2240
13728
19075
19429
5705
4356
16745
8211
1547
4044
17968
14267
19744
16303
10919
14040
17306
16696
1746
11807
696
11420
8500
8444
19691
6084
540
4675
12479
11663
19953
7358
15360
1608
11330
2985
17129
16147
9403
10623
3224
3281
19684
3766
5865
8362
16761
2397
3259
17409
91
14601
12651
19706
1010
14941
8621
8785
943
17628
2351
6301
16291
3825
9556
16896
13162
14405
14239
14885
13440
14410
14822
3506
18560
17650
4560
15593
3418
10250
11181
6006
235
1001
17370
5763
15560
9454
3922
9676
19227
17679
15433
1088
1251
14683
15355
7637
19824
9572
11518
13305
12409
5203
13534
1156
1714
11577
5249
6805
1017
19441
16762
6755
1758
7086
17746
7660
3120
14141
16430
246
17902
8003
2933
13631
923
3497
4708
6416
10983
10013
14603
1649
1691
13073
13009
17151
12069
564
17482
17267
16706
3046
19107
4010
5192
2899
8033
13444
9241
19279
11374
19872
15451
15844
6175
768
5133
1927
3684
18346
7135
6415
17618
17741
908
14486
7414
15673
6178
846
4771
8513
9495
11498
10399
12030
6802
2195
838
16538
5036
13925
11739
6010
2266
10958
2229
15140
8440
3427
19757
18402
2819
18580
18552
3192
16650
13988
9303
16437
6457
8157
19966
16528
4167
2999
4492
8354
12188
128
13592
12266
17835
8186
9476
17539
2121
7933
493
13858
6974
6211
2525
5122
10143
5270
2938
413
16881
18771
4654
12913
7329
956
17029
6209
8585
13360
19543
18847
6040
13713
3486
1998
8621
2694
13095
19970
794
3646
6423
19896
15616
9091
11151
7406
3599
8027
15421
6215
9035
17139
1215
11484
15048
3376
8922
2507
16521
15446
13882
17327
16272
10926
6241
15021
15874
18612
11050
17340
11507
3449
11624
18490
16382
1875
17698
9920
14769
12351
16472
17076
7523
182
2518
3118
14247
1857
11238
8922
9117
7796
5122
12499
8864
15924
8565
6582
10161
4620
2632
19812
16549
10702
14222
2445
9120
2561
2727
8414
14908
1993
16610
12387
2766
3346
12502
15666
15911
19391
16166
3897
7610
8109
8864
14864
13092
9562
12992
6353
15712
15329
5252
19103
19393
12377
18648
5877
17556
15217
19858
3645
10556
12001
7289
5387
3562
4829
3020
8439
4207
14247
8590
1215
18376
14423
1188
4821
1519
14861
19694
4301
18348
1586
2778
204
5741
19518
18248
3414
459
9337
17300
6362
11467
16109
12560
1915
6185
2608
1242
12214
11024
16341
15520
7278
19538
12502
12554
1169
840
12971
14999
19845
13118
1840
5771
3122
8764
9257
16358
15667
11013
12787
1130
9370
14362
17154
17055
5281
2387
1407
7955
14835
11721
14678
6194
10263
10150
7125
13976
2230
15937
2095
3055
9317
16749
6344
2775
2573
12890
2376
8443
12598
12685
11387
17134
13359
14555
19203
5243
19460
10656
16030
10891
18207
17706
18140
2351
5141
1455
12798
11211
19166
366
2323
7526
15837
5534
1543
1896
12776
9125
12172
18308
1872
16750
5183
19053
9018
9921
12962
12106
1095
1851
4012
8078
8835
9098
5934
5883
13164
5401
7200
6727
7857
15473
17882
15586
13750
16903
17371
2115
675
4622
15495
7162
5426
5845
18111
5858
10811
600
10020
14530
1208
6443
16388
11585
18558
1589
5728
7263
9867
5673
16041
17327
10293
11147
8009
2363
5899
8595
9183
14974
13080
13817
6069
10989
17718
4369
14360
5291
7592
6837
3422
18834
19673
19889
5846
14182
16199
3585
6773
18477
3523
8372
12412
5032
19898
12748
16876
19162
4141
2925
18831
14540
9056
1670
16210
10029
10247
14391
12167
16856
15931
12691
6954
7853
8468
17363
16304
15126
12570
13159
17501
13553
18274
7023
11110
9204
16095
14905
14269
4960
10818
2903
884
2450
6114
12725
11971
12340
11405
16648
475
3055
16442
13527
332
17250
13830
17342
11310
2781
9914
6167
17340
17146
10551
5052
11759
11906
9996
10184
6181
13814
19579
805
7010
4135
3301
11373
15180
9357
7612
16251
7191
8770
7535
6573
19774
1556
8002
2143
131
9164
9643
15554
3503
8519
16962
5036
2390
1306
4382
11156
17740
12462
4356
7785
4287
741
8323
19114
22
3916
15183
10222
6479
13454
32
15880
14345
15789
3621
5631
9095
1542
18380
11404
16189
13740
13879
18428
19778
1999
15401
6795
11888
2693
10697
8201
4711
1641
14625
11226
3689
817
19332
1450
15759
19931
4137
11732
1591
4122
19384
4336
13608
11032
6775
17419
16630
10575
11274
15470
3769
3656
11806
1733
13723
7763
4190
17736
14147
6417
12250
18661
15224
6966
11096
15814
11963
3773
6144
2221
11396
5407
4650
18782
7799
14233
12473
1134
7964
9133
4785
15022
238
16241
18085
4032
12314
9389
90
12726
15572
13783
18654
81
9825
13700
272
10798
7893
9633
128
14914
17687
19381
12779
10163
11763
3180
12766
9921
9898
2946
15560
13835
8707
13408
13181
546
13626
2572
15157
18986
19464
12594
9245
10217
9902
13033
6433
8124
18949
10876
10734
14442
13107
2708
13590
19346
13433
10442
7284
11082
12567
537
5895
16622
6104
7660
16679
10903
15389
3779
1100
19288
19738
17688
18950
13914
16200
39
1005
15969
8888
16983
17389
17100
7409
10353
17254
13548
1236
4685
12862
974
13504
17447
17207
15167
17952
15483
1203
2140
16076
14249
14754
12035
3400
16732
16565
4855
3764
14726
3687
15159
19234
18935
15555
10657
17283
9329
2647
7347
5527
3204
298
3024
9351
3258
17481
14791
9167
16502
15736
5274
19812
3589
8314
5404
17012
6629
7124
13493
12375
8787
2084
6564
5959
1446
17371
5122
768
1993
2425
12394
5238
9210
17396
2241
19397
1632
7130
1810
4761
17245
18425
7850
12117
16529
2712
4591
16880
18601
1533
12330
5581
7281
19710
7381
14713
6192
15438
13352
5033
4981
11197
2269
16178
16933
8058
16927
15951
13671
17446
5583
957
15456
19066
7820
12871
205
3152
5524
7339
12463
8146
11141
4280
5453
19784
10211
15153
6105
15947
9210
8317
10193
14049
6798
13105
4761
18552
9751
13704
6632
1303
11360
6194
16271
7260
1117
537
2249
8074
2267
15891
13929
8930
15109
5787
5199
13023
14954
17624
2415
8411
131
18692
12584
3930
6557
136
18718
9908
15129
10142
1398
14785
9724
12914
12471
6410
14168
4997
18939
6882
2734
2947
5477
19016
7632
4926
1945
12798
15339
3291
15106
12970
13945
16340
9196
7046
15033
5373
19437
19643
17615
15861
4391
667
5541
19578
1388
11626
1494
10342
3732
6329
18807
648
13272
7852
10807
12347
4853
2523
19574
9210
15089
1835
2203
9413
9133
18682
19118
6130
9501
1538
17942
13747
19113
8028
18329
11019
7420
8625
10713
275
7763
11504
19134
10789
19385
5634
19765
12611
18356
3417
7734
2326
11803
1298
17308
12581
1130
9393
9365
9460
13208
15608
7260
15926
4256
7603
11973
14795
7617
330
15886
7546
13645
15987
13147
346
4737
2387
4459
11755
6946
4563
984
15020
5797
4377
18119
11677
984
15353
7532
13195
9652
11727
2002
6717
7583
2230
1575
17673
15969
6671
2961
4990
5999
8225
10130
17341
12971
12785
12121
388
3748
10685
13152
17259
19597
2198
9826
15692
7389
2751
4488
191
9821
15277
12759
16201
4871
13932
17076
7824
18502
16549
12540
13886
5929
3914
14032
10748
3045
2389
14116
6844
1529
13884
10679
1962
13226
6644
1175
17083
15528
550
12932
17829
12446
1861
57
3559
18382
2012
9982
7615
2459
11652
183
13524
8368
14722
17314
15060
14346
19639
4839
4505
5801
18194
6914
7017
18021
8254
7011
4049
4344
14822
5806
9524
13369
5630
14158
5610
17249
5662
409
16549
7073
2800
13969
19432
3791
3966
8399
15215
1275
2968
11623
15714
13283
10845
7103
18163
10638
19535
17103
15157
2071
6835
8772
4241
14634
1076
11243
3938
2498
17872
12262
1310
4821
7518
6679
1220
9798
16424
9986
1504
14434
18765
1066
3416
3428
154
8310
965
13342
11296
4197
6311
9648
17501
11346
13685
5047
9800
19412
12616
6030
8152
4218
2966
15128
7319
17084
10668
731
3676
1975
4053
4761
5722
5906
15710
2655
19869
6235
13862
11733
5649
557
5569
12043
11078
6139
17459
5811
13972
4333
19837
6045
2624
8518
13804
3845
7061
17187
3563
13918
10569
739
11005
6718
16124
4335
8779
13467
10587
7415
19665
4601
4978
2888
7618
2796
1307
5758
6969
3995
19463
19732
8531
7930
17298
11284
1812
7957
2701
281
3174
7171
6646
17922
866
10296
9119
4713
9488
19542
7687
11905
18165
3679
2520
5320
11243
15374
5566
15430
7181
427
15645
2118
15333
3315
1464
13887
15536
8355
7826
5144
9697
17941
7337
17779
6258
1887
8745
19467
5091
2831
19823
2410
2825
18976
5001
9642
19514
2034
7312
17548
14319
10159
18181
13870
2302
11067
19759
10762
18496
7536
14848
17010
4434
17552
18534
17263
5852
16699
15725
6138
8207
11149
10790
19407
14117
9130
9728
18616
15499
16166
8296
2989
11853
6972
8910
17468
7245
15144
15985
6580
2574
8843
5056
7443
18823
4246
7396
1267
19011
11935
677
869
12346
13323
10716
19411
9322
62
12103
9980
9528
18951
17445
18212
1088
17427
12442
1157
8856
5678
13721
16772
15692
4476
2145
623
13047
9072
12917
10695
18685
11000
10063
3113
11298
16363
9212
19540
2427
17032
16799
17010
10868
14911
828
15758
12926
16545
3167
3206
10092
19650
15673
3266
8755
31
509
13731
13251
16043
13180
16654
763
14037
113
16880
18212
5188
16665
1887
6001
5675
8183
3051
2158
12931
14766
5512
5925
11249
10025
9636
13185
11151
4109
786
15257
2612
1181
5334
19138
8307
1667
5540
13800
4609
1737
14736
16510
8000
1728
927
16798
3599
14751
4485
416
15515
18213
11471
9720
16829
3680
9144
2132
18983
12710
13317
18165
10615
819
13045
5106
1847
14278
12336
2228
19994
18291
12246
17955
10933
2716
13706
7958
18449
2800
9288
5622
7713
1526
18194
2951
1673
15194
11993
11184
13684
16415
2323
19983
276
7705
4427
7983
2268
17255
13807
1551
14431
19261
6121
16352
13167
6226
9277
10230
8698
16897
16023
639
19500
19897
13569
13630
5595
174
4549
17677
3253
4608
8699
17908
9620
579
3368
17417
19715
17555
8280
19092
14666
9217
15073
6107
12195
14778
14612
17088
17428
556
9588
8361
5451
15500
6939
6712
18677
16198
3066
16162
2567
10912
5851
7720
13432
19104
672
4130
18124
15844
4794
10138
3705
15444
15803
6125
8384
14461
13562
12438
8147
6041
1259
10540
6775
12216
18008
510
15200
7539
860
12998
17765
17507
6009
7119
12762
7177
646
9658
17155
19282
257
3917
16614
17543
19590
4284
2694
1531
17885
2288
9812
17509
8826
18246
18648
10155
10521
16253
11301
15820
14980
1335
13826
13835
13274
3603
3281
13821
18907
155
11965
10669
15713
12289
11290
1471
17717
4955
863
17232
5835
13531
9792
11351
19840
5839
612
14872
19724
11744
17454
12748
15416
19064
12602
14152
8161
6511
3742
17178
8238
14632
14727
12437
8154
12026
12394
4695
10699
17975
4512
2847
12139
13032
16707
13969
4749
5637
18554
9106
15703
5326
10090
4519
5574
13555
4584
8965
13690
9245
15588
3943
16526
11361
6600
15131
8308
9773
6087
14960
3217
12551
136
3889
9645
12348
17774
10098
4979
11184
18745
14020
8289
19226
1711
17293
4816
955
5284
19991
8872
3049
10173
6146
11063
11997
7551
18185
6976
3252
11371
5411
5500
12935
3835
10252
16418
8768
9240
4087
8273
17969
11273
16051
7035
1353
4613
10045
13916
3562
18885
7774
5454
8796
17175
19586
6858
15412
11516
5938
10461
9302
4122
18966
639
11559
4509
16552
10550
2524
1345
6931
15701
18363
14708
15456
4949
17012
11764
4611
4683
18193
2469
3733
13938
6925
5323
19780
4790
9591
16940
336
18080
11391
5061
17265
8433
16612
6288
7587
8623
15485
18464
3987
2326
12815
19173
5056
1584
2222
1643
1199
6449
13720
15949
4155
17325
13477
19816
18044
19048
19455
17064
5656
16777
15152
6511
18522
14868
7866
10409
11814
4686
16276
19207
8769
3386
3273
6095
10255
13111
208
4928
13591
12757
2109
16930
11161
1754
14660
1173
16600
12067
4942
11042
4139
12942
9873
16086
17922
9783
9390
3232
4936
10095
4916
7111
7246
5433
10088
14560
5539
2925
5401
16867
13867
1539
8144
15384
14531
346
3433
331
16627
11657
10086
3161
19290
5835
4236
14912
3021
11193
4187
15228
6194
12965
7957
4198
2579
8875
17895
10709
8802
15857
12523
12203
8239
2981
17060
13407
5025
16070
16560
11378
18118
17256
5479
2335
17
3170
4914
10534
11970
2578
6039
17530
18213
9072
18162
4650
9249
7961
6864
10276
6074
17907
15931
16847
4312
16541
2931
6598
7876
10146
48
1367
12416
2885
11316
3499
7534
15678
9756
9163
15345
15507
15664
15084
6458
2412
1564
14901
2513
16135
14884
1369
2825
5037
14746
18600
5551
5946
16756
8893
12821
4454
3292
10682
17650
9568
4088
16931
8434
14326
11250
319
2029
17161
7610
8154
13203
15564
10884
19957
18795
14642
18563
17247
18079
6668
3257
940
10560
17296
2027
2167
14284
11694
13594
18215
154
16246
13425
10806
16550
14681
15956
7276
10038
13620
785
17246
8889
7413
5381
15602
5833
19970
6525
13378
5383
2903
7125
922
19020
13168
19687
19137
3025
17488
10323
19173
15823
15323
12630
15147
15044
17847
8350
6888
14201
8848
9238
4414
13706
15150
18782
16279
10757
16129
6689
7370
12297
19368
1929
7665
11833
4582
9565
3526
5472
1130
15584
10076
808
14363
1497
11599
10403
3308
4333
17141
1942
2956
1239
6390
19591
12145
14003
3606
16440
9012
5690
14806
12335
2083
2279
4660
7271
3575
18524
5285
7652
708
5481
2416
1604
17964
9555
15985
2529
2380
2453
1545
4209
4302
5826
4465
4668
17810
13179
12758
599
7020
10994
5882
14881
1148
19759
7965
10815
1577
17394
4170
15430
8258
3872
1674
2238
11869
15743
156
2628
18621
7601
6195
390
1993
4925
8020
1529
19887
1512
12302
11499
19587
4752
8229
19916
14938
7955
15176
14826
19902
11598
11103
1636
5451
5588
6826
3524
1784
420
5196
15092
9920
15314
8142
2140
18577
10463
15043
931
10382
12236
11273
4802
3010
18939
14504
223
1472
13852
14628
10042
9749
15162
12609
17646
426
3385
8295
14298
7942
9821
2180
76
5155
2502
16758
9436
17919
10123
9546
5353
16922
10294
3372
413
11332
14106
3363
9992
19989
18979
15226
16166
17864
18239
3920
4014
3369
11787
11536
12267
1737
6647
3628
11334
2182
19059
18356
11571
5031
16205
18689
12144
5464
19258
7466
10563
17437
19507
6570
9162
9544
16074
16326
738
2871
9748
6239
15595
17428
2525
1173
12565
5362
12802
19495
9017
14047
6197
3174
7075
9823
10064
16554
10458
10333
15376
19980
9395
18615
13737
13743
19503
915
8789
3469
5097
7037
15873
18498
575
5505
10191
13520
13083
323
18185
8821
5047
4951
16716
8419
2316
14960
19590
434
10914
209
1303
8853
3639
7012
8767
10946
7370
4416
4086
4482
15074
16600
12490
14561
687
15846
3236
5223
1423
5009
11065
17457
17404
10938
17573
17244
17232
19588
10377
11845
10016
11794
17093
14874
18648
8195
1720
4574
2835
2671
1695
17649
712
16982
17292
4317
5237
18975
3363
7129
16767
2017
6185
3752
6327
295
4131
10848
11932
16895
10340
462
19250
6104
6647
10882
19187
10651
1271
8843
18876
2768
9843
4537
19005
17766
3228
17445
1844
7484
13756
18867
17144
9420
11869
14540
5211
12373
1920
14034
11760
13880
1514
4550
11632
17124
12178
502
13415
19812
4742
17500
11996
1495
1193
17333
8526
18909
9137
1072
14020
10305
7735
3681
15715
9244
13574
10583
18069
8693
17511
3308
6677
13867
8005
16794
19517
14352
12215
16234
5632
2667
10642
16667
6327
10020
15357
17165
15612
18044
7435
4733
8709
6426
7920
12770
11938
507
15096
16369
7807
10776
12520
18656
1007
13486
19731
14613
4476
3792
3051
8546
9685
11324
19951
574
11691
5082
16812
6347
2984
9373
19180
14292
15248
3240
16310
2871
37
17644
13334
16678
6392
12641
10993
14303
12346
1327
18148
7432
3207
3261
11561
9005
5960
3997
14778
13258
10082
6392
16133
4733
11977
17988
10602
3520
1742
16626
6960
2576
13306
7545
120
6183
10783
14205
14565
16817
10896
5641
4228
18794
1320
13329
10062
1675
2520
8346
10292
17868
6613
5516
555
8232
17934
18789
10690
19640
19860
9319
9567
17829
14275
13218
17075
5625
10177
11066
16822
5650
2009
15248
204
15910
10052
3769
3269
18873
17146
19428
18702
17496
8847
16477
11854
19058
13603
7325
16934
4518
13438
12788
280
9733
10532
4510
19019
19869
7506
9421
13857
2613
19220
4677
8690
7271
12075
10891
2123
5690
17272
97
11434
8404
978
558
14279
8652
11530
6518
12351
9331
606
1525
15292
3736
13899
13894
16316
16895
19102
4895
19498
8150
8676
3024
7861
3608
2503
16672
9147
10821
14115
17472
19209
12048
1480
1188
16851
15016
16013
6162
11812
10943
4504
5287
3700
8307
16409
200
10169
14483
5721
12696
8350
18495
14896
2257
9342
4286
123
714
13610
1881
11874
10178
3548
12718
19743
10952
6113
3352
6590
8214
10386
13162
18051
4111
13186
1615
15952
13127
14419
11753
62
5074
19148
1094
19426
16729
4973
3597
2387
14789
18834
5096
16873
18466
14099
19115
12447
2325
17979
8182
3827
3161
18312
7964
4748
8423
3476
5719
6957
11231
1132
3473
2775
8143
11487
13944
16953
14620
13873
8657
15665
74
8408
144
8575
6000
17084
8073
13994
12950
6820
6416
18670
11992
10777
12349
17432
4148
10820
863
11739
12442
16406
19510
18068
19510
9322
9066
18509
16872
7307
2121
15397
8416
7608
187
5217
11729
15133
2927
9719
3212
18619
14365
13987
3539
15251
5454
7388
2279
16143
7399
2600
8359
11168
5978
19727
11829
11763
1975
14101
3319
7639
19776
3069
18899
62
11814
19317
18955
11797
8501
9139
2882
17941
4449
17629
1934
12402
18590
14546
5398
5341
13223
15494
5919
18975
1016
15940
6616
12144
2813
19799
19377
401
12877
15127
4700
6239
19844
1136
1208
2808
7196
6909
14914
11163
18453
8714
5312
8989
14654
15849
11166
16605
10743
16044
13984
3561
2723
13753
698
11660
469
18333
4562
10488
15762
5093
11550
16206
19042
11494
7988
13091
11395
4889
10306
10441
16746
19011
12987
18013
283
5540
9278
13722
5508
5950
2521
18981
8395
11352
2194
9326
16191
10833
15696
8727
2366
13675
11637
5329
11810
2102
5095
11633
18200
18002
16415
14344
4969
6414
3648
13366
4050
10441
17578
8024
7486
17738
17289
12048
19640
8179
3035
19480
8991
1953
19806
4515
8148
1577
12475
7381
15508
15694
15541
10118
11428
1584
8262
17072
4139
6735
661
11481
15524
15524
11707
2207
3275
14928
559
8417
11436
17414
18168
4053
4609
8203
10806
15998
6036
6722
7115
3589
11624
5263
13567
4086
2318
4863
306
4514
8226
13962
11410
10039
13223
12843
15021
13654
1397
3576
12542
649
16625
9946
7723
730
4937
15126
5965
11373
5439
12530
17907
12190
6316
9694
11113
17128
4830
1613
11938
15331
351
10619
14795
11954
5026
10200
19423
16153
11233
5946
13177
15404
7333
8452
2490
7710
14661
5143
7649
9123
12065
2483
13850
2912
855
1829
12582
11665
11713
7837
19314
15436
14054
9795
3163
13629
14738
12555
13889
14088
10336
8647
17824
13849
8114
14246
14360
19084
19157
3835
10558
7687
12974
11242
13166
13519
14929
16570
10102
11426
16934
5054
4559
11475
1402
13651
2056
13959
13399
15962
9691
9685
17188
10194
7421
19138
10285
4448
6311
15625
14765
9357
3907
16580
16586
16331
486
4252
19762
19822
16559
6302
15586
17724
4483
12956
19053
11823
10288
6277
7441
17815
15457
19337
6143
3222
4024
12813
11128
8941
4318
9020
6621
12394
14357
11734
5618
12967
11449
19186
11578
1947
8840
19252
12962
15454
364
9568
10548
13203
1819
4769
15203
813
8984
2219
3421
8438
9264
17637
13053
461
12385
7088
6076
110
6003
1092
2155
8842
7387
11857
6843
11741
1879
14615
7397
16928
6309
3584
11679
7074
4749
11420
8497
14841
19518
3658
19997
1055
4568
2740
12244
17724
16034
10156
9389
19056
2800
11816
10065
18400
19136
2061
2952
9572
15605
19585
33
5858
19942
16646
10068
9696
5704
10464
197
16801
7182
327
18693
822
19906
17525
19297
9954
5385
14776
1776
9661
17629
3170
19035
6172
3283
4578
14799
12678
2646
7971
1713
4339
11368
13386
17588
17607
1359
8368
17584
16756
3626
2249
19804
17020
16584
6062
10691
16612
3678
17216
11417
2829
17079
15853
4114
5690
7716
7886
9845
18756
16889
16075
8687
9088
16588
888
7394
16443
14071
13052
8038
12909
14535
14037
7041
17427
16054
10658
14920
18991
8059
10784
557
1021
1385
4676
5480
7821
12005
8608
10150
10492
19086
11853
12630
14135
18079
2895
9487
4758
17056
5500
19284
15061
8402
13826
14225
12122
6740
6575
2550
7182
551
17908
16821
533
7428
3197
14238
12853
6040
17454
1007
458
7887
6130
2332
11765
1563
9244
3438
12906
3671
11941
18784
2098
8540
4072
19510
6252
5125
9546
17256
3839
3283
3140
17277
12936
5683
2376
6711
3058
10066
3992
8552
11771
17709
357
18556
16135
3531
9363
8584
18075
2233
12594
12120
2539
9190
10825
4014
9023
5563
5230
3795
14286
18580
10439
9066
4309
7389
2023
10344
9496
11012
11903
8115
13491
6806
3461
6877
17634
16476
4426
11011
18802
12930
8134
8437
10618
18135
13598
12599
19582
13786
5955
6055
696
78
858
11901
1581
9890
1826
21
14854
12979
246
13347
16583
2971
19663
12405
17834
8727
11516
4851
1575
7714
5463
3862
5725
16279
2983
10042
12228
9773
16828
19551
2595
4570
14148
12237
4965
1548
1937
16267
18435
10340
1419
11568
5
6199
9449
13965
4084
19440
8670
1414
10119
12103
10397
18685
91
6133
11776
17604
16760
6964
7866
16182
17511
9258
17683
10589
19461
17880
14306
4609
18070
2225
16097
11869
14516
15452
11399
2189
19583
18802
19617
16309
4761
8857
1355
8555
15603
3999
6152
14044
14716
4175
5815
16282
11563
9954
16649
12590
6961
3572
11097
10957
13065
10894
14855
14124
9513
16734
6477
17164
16887
798
15085
14314
14840
8326
19875
17037
16676
11060
10707
8998
12704
15252
9948
1939
4317
8153
1756
13148
7493
6857
15388
11641
18575
9081
1617
14117
13287
3296
377
18587
9033
3518
13892
3923
19773
11398
17120
3051
2387
11571
1624
18357
17041
19297
857
12717
5877
5735
10577
16107
15204
2052
9992
4132
10420
9971
12582
9200
4762
16456
2880
5477
10442
13087
18342
6427
16141
67
3219
17865
8539
2534
19133
9015
10796
19572
16048
16337
391
17529
12915
4077
17731
14013
2117
10497
19873
9676
3136
3835
17195
4043
4981
1168
12726
9783
17041
18560
7420
17774
2054
6329
4021
8713
8864
13912
7984
2333
4047
17874
14352
15103
3305
15560
3429
3118
11418
13465
10803
3083
16754
18410
10350
15401
1489
1058
14182
2043
7572
7846
19310
18071
18019
8471
19613
17194
13107
6545
5985
1513
10888
10408
16312
8170
3393
15995
17900
19469
18706
14065
5541
19398
1460
15575
19700
2311
14327
2446
14619
10174
1502
2875
8816
6372
3256
16905
6925
16391
12268
10351
16511
517
4932
17599
14530
2596
10118
12269
19839
2621
18731
318
9930
4792
11048
7406
17705
3563
6100
12873
11547
2315
11020
10324
9721
4207
14550
4010
16028
6544
7345
5487
5693
17544
343
11865
379
14477
6630
14314
8738
14323
8473
9061
14498
745
14865
6018
7436
6486
12476
3768
6482
1253
6776
6166
14175
6600
8534
3983
6329
3464
7210
4233
8074
7966
17853
15987
2003
5441
10802
4131
2327
13882
10353
15707
562
6396
13808
19720
18602
4988
3525
1462
3742
16802
12092
6790
15404
15348
7891
10993
16678
12723
9034
3796
15259
4112
7818
15276
10674
6596
12553
2605
19751
13344
1302
5741
16374
5328
15712
5603
11543
6134
1651
7042
13877
1610
13393
3768
1805
19478
8318
10578
8997
16600
6227
16357
9896
11948
18223
11363
3129
10805
17635
8666
5498
8588
13158
2625
551
488
11508
19610
18524
15034
16999
2709
2246
7845
10110
7017
577
2271
17244
3529
6797
1058
11119
15306
4013
14710
10309
16231
19184
15095
9561
12779
5783
8307
13836
17715
15963
6338
4712
7629
16414
5792
7057
9318
17198
223
742
14331
456
2294
14115
19498
16953
11374
13412
451
17943
3495
17531
1868
14012
10910
12786
5359
18695
11809
6683
12011
16593
11627
6740
4902
14066
11578
12254
18636
2922
11871
11152
9461
12361
13956
7643
1857
14455
9037
2552
6768
17633
12448
10021
14721
1062
8522
5439
18589
8816
10786
2825
1984
16710
3872
44
3077
6545
9362
1589
13395
6919
11967
18027
14728
19548
10335
3749
214
6947
17891
10342
17469
8397
10641
18246
5520
18165
12523
13479
14527
4830
13054
12224
4851
16284
5140
9421
261
9967
1396
17890
15698
8930
13585
10324
17892
18158
4091
8979
16679
14065
14266
12428
6570
2329
2335
1358
14280
18913
9602
9613
9402
4700
17042
1110
7410
13230
18323
7393
3928
4552
9327
14794
19879
5106
13913
13477
12936
7149
12366
16553
6178
15632
18981
17009
9717
18438
4942
8132
3650
11304
2308
9544
19688
18871
946
1585
651
10534
18293
13696
12597
12996
13187
8415
18273
1355
5484
15668
5815
17987
11226
18427
7324
2750
16535
13715
16724
18259
1217
2401
13949
18871
9452
13890
18039
13181
7273
18065
2775
12641
4734
13909
15762
14791
12930
4992
7783
3170
16022
18735
1541
2779
2891
10155
16479
1251
2369
19596
19076
10286
13174
13293
14924
449
5167
3834
1183
5743
18760
3538
15544
12268
11852
15039
1596
3331
17599
5065
4278
12998
17363
18599
10160
13913
1951
18670
12395
10819
19152
6760
10468
15319
4539
11950
19657
5385
5956
1520
11280
936
8046
19636
3269
4218
8335
4294
9101
2689
7285
6086
515
19231
11958
17720
6484
15870
7578
19742
8812
16884
14627
6036
6748
8192
16846
7742
11417
2458
15547
941
5586
6563
12177
117
18277
19578
1474
11765
1970
15707
16322
12567
5158
3171
2553
5427
9099
15038
2257
6322
13977
2873
15200
16556
3004
168
10876
1104
16037
6102
11508
1850
2722
15293
101
1259
3023
10699
5873
10229
16679
6292
3026
3108
18109
10386
7641
13467
6419
2566
7017
65
4722
16863
16121
15786
14854
14031
14839
18021
11079
17876
10008
14151
7289
9627
4271
12016
8495
1820
4939
16718
6562
1640
14907
13773
5505
18219
10631
7858
10895
373
1606
10307
1161
619
13959
3500
11152
8657
17769
2059
17223
18000
404
4551
402
18414
1189
18984
7309
14086
5882
3525
4493
12592
12212
12945
3096
14233
12517
8274
10572
4580
8044
5369
7440
2348
331
19621
6620
6283
19683
18743
10318
2367
6632
6986
217
14869
2964
15175
15837
9443
9952
14004
17292
2105
1876
5386
1140
1702
14694
18175
14147
397
1155
10553
7761
1049
2013
12214
322
176
16674
6191
15559
19572
16767
10098
5695
10904
13540
10122
13682
1194
4946
5903
7477
3284
16715
17905
2830
9623
11437
11132
11925
7526
8538
19719
40
4652
13396
10958
10691
8073
18989
8676
6659
10059
14345
12112
1076
5739
15641
5115
8675
11906
13752
17581
11789
14559
12794
18215
702
9448
13829
10190
4148
7668
18410
783
4875
9283
15001
12526
4752
11597
7381
1207
16678
16871
9437
8159
15803
6322
2683
14934
4959
6940
11572
3296
11751
8471
11693
7379
2876
10124
10841
18825
8846
5170
9096
14156
1761
8731
14016
7384
19456
11175
13163
11436
15640
17829
6294
11
17196
13034
18966
11478
7321
4633
6437
19492
8394
19945
14724
2398
14586
7509
17566
8407
4194
1203
16358
12307
17561
10419
6917
6038
6130
11570
13655
11206
19160
12777
1133
17895
6093
6302
6062
1275
19450
13235
871
14852
9323
8895
2619
2370
15333
6577
6197
14443
11510
10703
10268
2907
18102
12082
18288
16618
13820
3512
4653
1805
1471
6095
12323
11209
14096
6367
6727
3628
17207
6545
11574
379
14883
1968
1448
3623
4877
1772
19783
15268
3807
17189
17609
14632
8161
9140
17943
5931
15224
7551
12352
16735
9108
16135
2174
9102
19958
19463
17656
14811
823
4556
13267
6470
13661
14138
19255
19535
7067
17629
6091
2818
18883
5079
11168
4809
14874
19813
5419
6154
13044
2492
18175
3843
10649
1749
401
11131
3416
17504
16134
4392
8330
11691
2604
8620
567
5576
16092
6849
18106
8794
7413
18131
18839
10941
13807
3559
5929
7110
4138
11717
8564
19782
13433
10791
8328
5230
17004
19741
12206
8302
10755
10455
17571
17493
9605
18219
9337
19763
12562
9355
1758
15934
14687
12625
1553
16826
7460
18543
382
19425
11458
2251
16777
1384
4625
5339
2652
2749
9623
11512
3802
18865
15749
7723
15903
2236
9920
7664
1756
8461
7135
100
10522
8369
7988
19763
9530
11615
13543
11707
16807
4846
9260
17992
3128
17502
7782
9236
8452
1411
2333
3902
18543
11606
14177
17004
15767
15308
1539
14512
14969
5180
10488
14083
17742
12948
697
3663
3535
14552
9247
311
15358
8404
2607
15779
819
19418
10827
18538
14560
1334
17537
17939
10002
3031
3654
15583
2498
11420
18318
16209
1744
11282
13880
2366
1048
6041
12009
14932
5500
5450
16703
7725
11456
12448
4318
6508
12229
4133
2220
7201
9712
17010
3347
8455
13565
12070
15889
4741
16989
7823
14697
13730
4134
1024
1704
11679
11130
13665
2247
1420
18537
7888
16072
12311
14506
5514
13885
15866
19886
7430
19424
597
9144
8317
467
10458
10824
15050
18912
4459
365
18735
15877
19297
11731
12395
9114
7666
19900
18660
6508
1101
10336
15049
4692
8415
19747
18075
12262
2717
5946
1984
19964
8234
17921
4722
6158
16397
8767
2963
3632
258
8848
646
15316
449
19533
17253
16228
16244
13471
11661
16916
13543
5799
17604
14708
351
14403
9695
11290
2730
437
2873
19800
8620
10006
13344
8826
29
5333
18844
10400
19192
16518
13569
8651
12632
7004
7250
1931
11025
3105
18033
11304
16638
7372
14874
3218
4070
3293
15522
3376
19802
4727
9923
5015
13053
2420
8082
7457
5186
12815
14217
109
19361
7236
15875
16860
9296
14099
3670
7048
8002
9586
13200
3061
18296
5673
3292
6426
10257
4162
16489
13613
4489
3227
884
5801
19524
8895
16262
17157
19832
16796
2753
16976
18012
5328
10737
16297
15371
11482
14835
2392
3118
2271
8434
1970
17744
9296
18494
14368
652
3464
17975
5679
4912
190
6301
13757
7708
367
14392
4501
1003
12523
1146
16821
10286
13716
2146
15154
1603
11012
5967
19066
13707
1835
5743
16671
8192
12112
10370
11964
3925
12921
7647
1725
2924
1769
19448
8083
13468
19671
6509
15395
233
19260
2166
10791
14955
16689
5807
13193
9716
13460
17067
9321
12584
17235
10952
10082
1883
3562
13175
4621
14453
1262
12184
8304
4507
6528
2080
16670
10245
14297
6164
4935
19334
17414
7961
8167
15759
7414
8695
16100
6335
9647
10791
12570
12492
2742
9324
15333
2582
14432
6932
11875
17680
7795
1829
6794
16021
1630
8217
19436
9143
14202
11108
11431
10995
2302
18958
13810
11348
4589
16996
13823
3581
18874
12389
10793
16264
5527
13120
10033
14499
18927
8302
6898
14026
18692
11931
18706
1227
15366
8562
5688
19562
5972
19354
16938
9028
12307
1313
6446
13197
4446
15366
10322
13399
17303
3101
16517
14755
11741
11683
3581
6440
10771
10509
13471
3259
15020
17214
7980
15940
7221
10755
11263
14884
18720
16625
9597
19431
260
17122
7752
324
8412
1056
5768
11677
18957
13868
5940
17374
2301
5470
12294
13233
2906
18616
2990
2575
909
18278
12667
3130
15081
6661
3354
454
13726
9993
16418
10953
385
8048
347
19490
9678
12538
12394
3137
14275
10979
18676
6635
13207
2108
10933
9706
10669
18772
5489
12849
13856
18186
8783
11451
19164
16667
17761
10625
11747
2278
7801
11735
18895
462
13912
18777
8403
17193
15668
9450
6244
15649
13114
7001
19291
16239
13408
10355
5005
13271
7972
12907
2303
14892
12496
14927
8322
3896
4473
69
7233
12898
12495
724
19506
4225
7358
4471
11730
14531
13865
19378
10569
14072
9021
9332
7817
11894
4672
8581
12022
12030
7391
14530
10699
14556
11403
559
2146
6447
18570
8795
15936
11283
9414
17656
11567
19819
8671
1870
801
19120
1322
13107
515
645
369
2464
19617
2166
4277
7784
15770
19181
5081
11138
8912
9801
7748
758
16764
16598
13569
16168
15254
12764
4982
7592
17979
8044
1938
17388
15042
9028
16737
17435
18911
12327
19149
2980
1127
2101
16151
18410
14120
5362
2134
17954
14540
14629
11516
1946
19287
11185
15466
4545
18734
5350
1198
13370
16035
11704
16338
5219
2177
14486
299
19439
2490
15724
14661
3723
4170
11065
10307
6687
13662
11808
15204
19927
9802
5563
3106
15568
5353
16293
15366
18830
13011
1278
16397
7244
18191
7665
608
18934
13546
15505
19216
4597
13159
1123
5007
7222
13523
3469
9170
13175
2759
2298
13062
3874
14086
10471
17785
4991
14817
15590
10822
11648
11104
16610
7369
10345
10441
3948
3078
4896
17190
4437
1473
10787
8897
10852
16054
790
17101
3211
8335
14066
4503
10367
4425
4076
12419
17304
14242
6090
15234
12596
18083
5796
1422
7152
10885
15159
9028
7493
812
9122
6430
5101
14025
7759
6777
3612
15131
7800
10097
8902
1645
12907
4211
263
5095
2267
4246
15483
6204
1176
11450
18073
8053
16076
14527
2253
10001
15445
19045
16419
3542
3432
10206
1282
12443
8195
16132
1278
12984
14760
12932
15435
17645
7139
19780
15790
2475
10049
3459
8640
19930
17499
2741
7831
1319
13453
7280
16299
4382
2196
18194
11130
14414
7862
2181
19345
7436
16371
11268
11886
13507
14152
4023
18497
7663
10401
3486
12356
9260
15178
17371
7542
6601
11809
7841
18552
7512
9076
10406
343
18791
2122
18026
1740
6125
18207
15396
13301
16694
17954
9536
6623
9641
1305
3876
6079
3648
1010
14098
14930
7285
16703
8182
19241
12509
728
5598
18315
15513
14090
47
5813
4431
9641
8842
17811
3737
14857
17915
641
14786
8387
10547
4222
19455
15894
13696
6677
3988
16342
9310
16517
2804
4940
18293
8043
1101
10006
1428
9800
19751
16746
4442
14870
19983
9638
12137
12544
16982
15594
18831
16700
2796
2689
4942
1957
4321
15491
6551
17774
6283
19441
17305
625
15374
14686
17776
18119
2880
7936
9098
14190
18768
12883
7648
19995
4084
2683
2570
18446
14804
18022
12832
16873
3047
14557
898
6604
16239
19487
18800
12242
11634
5546
1481
12708
10797
227
7421
13242
2674
16091
16545
13333
19855
7204
5374
8751
1963
12587
16182
6553
5334
4712
6633
18835
12536
8461
3018
13690
3979
11965
11386
11923
3334
14224
6840
10517
4931
1192
7701
19153
4931
1976
16678
9561
8603
3681
13074
357
7587
10039
3737
19914
11156
17337
7891
9463
10843
19931
19861
17173
10807
12317
4104
18618
15224
885
20000
18178
12464
12881
7425
388
15567
12499
19007
19433
4126
11344
17198
12509
858
15063
16461
5317
380
11992
3107
11448
14214
17648
13851
18289
6660
14976
10501
3065
10042
5520
7969
2932
16750
7367
13928
12389
2917
1963
18743
19976
5274
12869
660
15529
9168
2728
6981
19813
19926
5129
1020
19379
13694
9053
14762
9541
8112
13566
5838
11682
1435
18961
457
19931
3978
10447
19056
6363
11854
13476
3861
6922
15260
6717
15791
7501
13638
9859
6954
17064
8291
11252
10060
7990
2850
7367
15641
9017
15294
18637
8608
15065
3541
11393
11944
13763
5161
5539
1638
17752
1871
14776
7983
1309
12371
17358
10039
6673
16236
6247
15513
14555
14998
19409
16260
10732
4303
13236
9560
16924
3311
9660
522
4628
18763
17513
13831
11954
15038
5552
19863
10066
10539
14126
12408
5026
4258
6478
11712
9398
10024
604
19861
2945
18076
2381
3292
15984
9701
19323
457
18604
11365
12281
15262
6215
11688
10507
15179
18184
16733
8599
234
2283
18349
2419
10188
8063
13701
17785
4617
19675
3061
1228
14903
13395
4076
9437
14669
12286
9911
11757
9885
18727
9117
7810
9948
16316
16141
11149
10555
10235
8951
310
17190
2548
5331
13223
17501
13715
8416
7185
10735
3039
4929
8782
5358
16985
6812
10607
19806
19871
2481
523
9505
19383
19121
18553
14727
2281
3493
6825
2248
13079
9163
11978
8687
18338
18902
12469
11083
2339
6932
429
7134
4781
4931
11507
11921
7545
19161
17232
9476
17948
2516
2072
13842
4957
16047
2805
2659
17936
15209
14199
5619
5778
8964
1534
11362
2288
9827
12206
9532
7170
9556
1081
12288
5513
8465
10079
13450
7056
15467
10179
11535
8377
16902
13153
6079
7108
6735
19865
12158
18548
8792
2463
14414
8843
3766
4204
18010
17909
12555
11697
12551
6618
3197
6466
15782
2850
3731
18110
698
14709
4061
2052
6954
9355
13087
3943
8787
1996
15364
14879
12142
5283
13873
17610
15019
12543
15724
16965
9168
8532
17619
11562
1152
18833
11408
8313
6493
7602
11314
6419
2260
9262
886
9630
2490
1305
1522
1749
10402
14306
15876
13142
6352
13164
19861
5171
12476
11515
5050
19793
16085
751
10319
14761
19943
18425
5873
3459
19613
14855
13808
4093
6624
8094
9443
5237
6597
5180
14357
11514
16656
10989
15974
13648
13203
3467
17941
14811
11069
18301
13795
3733
10052
19735
8991
7430
11194
313
1511
14235
12692
4482
104
16789
7764
11921
7841
14005
12246
8848
18536
5871
1168
10135
13846
15951
13238
19116
14818
16974
3382
6059
208
3809
12482
10806
9940
8996
18825
16272
10251
4364
6875
9982
8127
15534
15352
12053
6060
13010
12826
1063
15512
11926
1697
19897
13844
9728
10242
2593
2039
8678
17771
17611
14750
2820
4674
14049
6153
14957
19060
16469
5884
15328
9521
6742
1569
399
13862
12370
5985
6256
5996
7199
4165
3546
7545
19229
7819
17192
9485
18666
2602
19129
852
2724
11480
19245
2279
11464
18167
10772
9784
10031
8372
13179
6627
19651
13284
2575
7917
15421
12992
12480
2763
11721
4424
9858
13025
14884
486
12050
16776
8835
17442
5281
10644
5592
3440
13991
10585
12480
15833
14087
17134
15838
17992
18330
17320
18397
18293
6161
282
14484
11659
17678
5880
14040
18491
4354
7820
17860
9538
5265
16756
18858
10461
5580
278
8062
9844
19647
209
610
16736
4913
4517
6994
13671
11406
12356
11482
10969
16049
549
14279
10863
16892
9347
6375
18185
1335
14264
343
5370
3316
12268
15882
6163
2655
15251
443
19249
16074
9439
16925
19842
12026
18925
17137
263
14379
11796
8105
15451
8986
17648
9608
17931
4561
1953
18824
13607
5885
3320
7935
16970
5253
15716
9171
2048
1733
3399
8037
6665
1875
15054
9199
5953
10906
16649
10967
5479
14590
8600
17203
4074
395
10853
11672
8147
8209
19244
3104
18872
14204
9134
12842
9495
2706
14084
10672
2963
6794
8064
13039
3944
12644
6725
4713
2433
95
12082
7237
745
9537
10098
16500
9607
7103
18513
4747
15112
18299
10441
14185
9847
14311
3552
14003
10272
19395
12332
18759
2692
1488
9677
6256
3038
8119
5391
3451
18993
15540
9146
7385
7894
4881
18213
3636
5396
10901
17616
12975
9520
14173
8171
8649
19021
14881
11512
18255
718
8497
2939
18986
5603
17405
19025
7182
7922
7194
2594
7390
10859
10965
11848
7177
12084
18231
18413
8811
8122
1061
15446
19991
7941
4421
19616
17182
1723
4880
8570
14853
11128
10894
1083
15367
1396
2492
2180
10334
5630
15296
1010
11928
1698
7250
13299
12351
16801
425
19707
19474
8383
9737
8152
16502
646
12006
13552
16328
19592
6184
16169
2309
14164
14448
7870
15506
8914
17659
17494
18373
18528
13699
4798
9653
3472
9238
15609
7664
11852
18686
14637
19552
97
11582
2422
2330
8674
19727
6759
18400
6568
3932
3695
15373
4650
16345
15720
19760
10928
14239
8348
4601
6902
12975
2468
18823
8937
7489
2725
18694
17549
1103
6818
1271
1540
10260
15752
14198
14615
2923
17790
7877
12224
12034
19627
7460
19573
4987
8586
10495
5679
8830
9637
9483
18896
2307
11501
3141
2996
12911
1468
12219
209
253
17728
7280
12487
635
10153
900
17394
17139
5429
6240
1929
7070
5600
9449
2214
7393
4071
7788
13885
8293
697
3080
11329
3312
18943
19475
6680
13008
4705
14560
18184
2848
10079
2812
14503
1770
14719
10476
17546
654
16608
9636
2168
15951
11218
16984
5939
18574
12718
18547
6963
10655
4325
17057
16283
8552
18607
11951
9156
2330
10514
18338
766
19865
12355
3610
13832
13093
4160
12779
18559
17324
548
2560
9682
16517
11064
12046
16824
19742
4720
5791
16371
12212
7379
886
16518
4838
14953
11035
15670
293
10025
13990
18953
6766
1279
13611
1998
16396
5493
17143
11118
18868
8156
18266
807
16149
17739
1763
10098
12475
2367
11485
11248
5960
17431
321
11442
11523
6635
19787
4861
15711
18762
15623
11354
1596
1898
15581
15671
12778
2699
5715
7562
11782
11517
12259
1028
15608
6885
17771
17802
3910
3361
7233
2970
12683
1902
4018
1712
14840
5230
18917
7659
9653
16317
16013
12780
10956
9023
17568
8960
19507
4592
17501
5049
7387
2055
6771
13271
4578
12146
5069
11836
9305
8631
14923
18810
6904
6009
5606
5324
3434
18563
14790
15130
16987
12264
10910
6706
477
10833
12529
18966
7223
384
7943
8605
15608
7264
19340
13013
15470
2044
10408
17800
13763
12866
3948
17300
6100
2201
1677
12062
19137
19500
18109
692
4213
9709
4987
14876
5156
7721
3737
19724
13950
14045
12170
3592
10135
14854
13686
17707
10422
1517
14229
995
9972
17309
1882
13305
1730
17297
18310
19379
1009
3053
19532
4546
11175
4650
5093
15047
3211
12511
15050
7304
19789
4804
17780
13369
9848
6707
11710
2886
15463
9679
17855
5899
2149
9162
10808
16155
469
8347
7192
2909
17340
17384
15983
5140
519
2023
4212
2047
3268
14617
5046
11382
16321
13872
5385
16327
4208
125
19665
19086
349
9682
6683
12478
14644
11433
18063
9591
4749
8646
6940
256
12840
19251
15346
4449
19270
12704
1056
4754
19688
3576
10094
572
7110
18833
18617
16169
14999
14191
13381
16163
9108
15897
18390
103
14098
17620
5022
14433
12860
8046
12768
12856
3222
19282
1608
6345
1748
16694
14290
7526
5530
11708
2400
7469
19165
4791
4289
11606
8600
7647
5137
2114
6051
14250
1296
10856
16306
11584
6536
12419
8657
16187
1862
10004
19706
15287
16577
12202
11673
13575
10192
18252
17626
2558
981
476
4918
7160
15057
2636
6161
17614
2304
5822
820
16757
12721
13303
15226
3982
19324
1360
516
4099
14204
1485
4633
17904
3743
5123
5376
18225
13176
13081
6627
6662
16940
19876
19198
11875
10254
8007
17670
4737
17668
12423
18316
9903
18316
10525
7717
2786
3766
1392
6098
4866
16881
14203
16651
4734
2481
7615
251
9788
15275
13549
9017
141
3788
17994
19394
813
17741
12305
11685
16996
15044
15689
19667
6632
8009
15941
15473
15279
13609
11331
17833
18321
16855
6953
1151
8578
17942
5285
11940
11263
11844
3062
4804
14925
14881
17834
10730
16258
4417
2305
14570
7817
3531
18114
14171
17887
9544
18407
19479
15078
8836
9732
2631
12417
16062
16675
13842
14193
6743
11931
8669
10364
9656
15543
15521
5823
10246
19992
19345
19105
18594
6009
12486
10706
642
3120
13343
9300
602
16281
13595
9793
8608
2404
7984
8128
6429
5141
16860
12459
9920
14752
17447
3205
7656
16166
3767
10788
959
4233
13575
3600
11964
7922
8467
7120
3804
4957
4452
17183
6429
10727
5123
13613
9361
6419
16432
232
7136
18914
14439
10544
991
8277
3038
8561
8039
4032
13969
9680
10927
16031
3872
17341
6887
5866
17116
18905
18640
8646
17924
19227
17702
2507
17780
15575
5040
8149
1232
2214
597
8507
12268
12422
13731
5851
14924
4650
12514
7815
4314
14770
4054
8353
17902
14506
10464
9648
18604
15664
12034
18346
8926
16524
752
6792
3968
15309
15335
4802
15641
2786
9564
15939
12174
6641
5916
17132
13011
4521
11073
2687
17774
19591
16029
19440
17038
5733
9641
16469
810
1364
1041
11097
1872
12916
15437
15543
10586
1518
11928
4758
8608
19251
8242
12499
11052
8976
12019
10346
4877
181
19354
17128
16723
13042
17766
2688
10090
15825
3130
19447
5941
12640
9001
17069
16876
12301
246
14647
8231
17073
3447
19691
13500
3262
18561
2166
15330
15607
8336
17242
14909
9626
2517
12685
15779
5798
18475
14089
3196
1045
11191
19433
15960
2074
11293
17974
11823
16574
13783
14208
7952
14721
17676
2509
8836
10715
7462
18962
15514
1476
3421
13839
3375
19573
1845
13187
5075
12411
6439
16442
15611
18366
18905
3650
6768
16782
15679
10275
4809
114
8555
2200
5093
4345
5805
10494
1130
14136
11391
4884
14984
16620
1934
3031
10289
2992
17931
6279
14916
1291
6738
7870
10578
6997
14760
6660
825
6339
3302
19803
18025
16447
13095
6915
9724
19498
3999
3098
5597
16091
1684
12619
15822
14524
19710
7134
5620
16516
4781
2994
7410
15622
1328
5125
2468
18554
8864
12519
2444
10805
5131
14918
7562
4477
4812
11086
13854
16664
1152
18345
12415
19508
2116
15425
10691
18234
13791
19813
3148
15905
2547
11220
5537
13203
2418
1654
14334
18574
7438
15587
11938
9361
16025
1610
15307
14444
5676
8666
3704
16805
6483
5266
16848
15226
9594
938
18747
13091
17061
18496
1992
2323
12229
4955
2465
4516
16942
9707
12004
16499
19573
19833
2612
5013
8561
3492
13547
5512
15540
8092
11001
12136
14371
17829
16840
15204
890
18071
5695
14300
8847
3763
12135
2686
3513
9716
18025
7497
8746
9183
17207
6226
2344
5476
3835
13539
19756
7291
18659
1664
7855
13665
6016
14481
9821
4793
8755
3639
13577
1747
18497
8631
11746
2229
19236
2948
5686
18035
13490
15694
16251
2532
3483
11472
3874
6562
13925
14012
13044
422
1771
18712
10451
3928
4399
8786
15561
19229
16932
6443
16638
9111
6146
5452
2724
8051
4911
1994
4222
9317
384
5275
8162
1072
12771
14659
3823
6247
11458
8145
7074
5667
6742
15263
12870
5203
662
1821
3863
1446
173
17238
16463
17242
6756
16065
14984
4937
8998
3019
8419
13191
18450
10103
7900
13965
13067
4939
7571
16011
13985
16927
19105
6667
9134
18811
4629
12664
14287
15062
13750
142
18548
5528
10765
16218
4709
6760
18006
8103
16229
6746
8736
10704
14817
7820
4210
9596
5483
10333
16553
12777
2647
13678
4284
14593
19433
1504
6872
4280
16138
15895
3240
8229
5770
1341
8831
8638
1907
19583
12219
4861
14480
6337
11575
9472
15313
589
17045
9489
9691
6460
19502
6709
8665
6665
696
2027
10301
2554
17083
15860
18813
3903
929
15271
5014
2064
12575
909
15282
10575
6350
19139
9070
17451
9954
169
667
11880
12503
6215
19758
1434
842
13986
16421
8147
17937
17512
1083
8369
3372
12391
10318
3194
18599
10335
4761
9668
13064
10582
15389
10055
18187
19930
3163
2775
8393
1065
3140
6186
6347
2777
2854
8982
8313
19381
3729
8240
11224
10274
10788
9562
17685
19064
6020
9831
4011
18190
12303
4596
11468
6841
14291
10735
311
14288
16169
14586
8945
18606
8316
603
11279
3373
1346
6797
5024
5476
1189
7302
9352
10423
13681
9561
9411
13928
4939
12806
41
16901
15737
5790
17377
12421
1624
4842
5916
14326
18862
6909
15324
9865
530
1034
1090
19593
815
17593
9152
6788
16599
8423
9978
4720
17937
4284
2025
10089
762
6720
132
11672
12160
1543
15827
11134
19017
16274
17700
13683
6689
18649
1445
1842
5304
8404
14149
12542
7918
15403
19382
547
14233
9101
16539
18416
8825
13782
9811
5036
1757
4337
6596
6532
1109
1662
15207
11330
223
19176
14234
15947
8812
5079
6964
955
18766
3683
6398
5054
7403
16434
14703
8656
11764
17627
18213
11807
11390
13411
12753
6980
4157
3247
5545
124
19748
7280
16653
7646
12506
11184
17214
5291
1660
4653
17466
3770
1967
16473
17920
19225
6776
12394
17603
6920
782
15817
7799
8652
9204
6554
5947
17432
8933
11995
7720
4546
5880
3576
11839
10808
12355
13608
13427
11515
8668
16015
18643
4095
8817
1907
14060
8064
11023
18418
714
6987
13944
12218
18156
8191
10932
5090
4014
5514
7362
4308
7997
12854
15432
4179
17836
2750
7643
11275
828
18886
14742
12877
12064
18752
5102
15889
17785
6336
18473
3153
5401
12066
10723
13967
10469
9268
19713
15873
12802
4030
9954
7658
1221
4019
18642
6677
9969
8927
19848
15251
1311
14790
14426
7084
4343
18919
7182
17484
4298
6866
17229
4951
9886
16134
13833
11188
6969
12555
1080
7514
17038
4821
6523
9323
18726
6435
8341
9281
12334
6434
10134
17902
14297
15831
10194
3407
11949
5952
16140
3626
2569
8928
3065
19093
9658
12961
13161
8094
18456
4643
17953
1450
1597
1462
1644
18052
16179
1050
11079
7839
595
10155
15537
14122
10913
14553
19649
1767
904
2089
14862
13263
3416
4970
6675
7387
10649
17932
7496
8519
11635
13031
11646
2290
19621
4882
1696
7348
18668
1545
9531
18817
787
10457
11327
14853
13492
1545
5917
11243
15036
10708
19310
452
3683
9970
3165
4293
19698
19981
19717
2169
17242
4185
11962
7716
317
53
205
18229
11419
11365
411
17812
4726
14731
6326
6572
6954
6797
14222
13829
15098
18698
19265
18466
143
7970
15184
18065
2828
9883
3961
16154
13391
4710
3834
16215
4790
10674
8994
12051
11194
19020
19334
12071
6849
3341
3805
4168
8259
14591
8038
18207
12973
2225
16536
8597
11057
5494
182
6441
10645
12462
10705
10228
13204
5914
15940
13277
7072
557
13869
5717
10097
6433
12704
15060
12835
1323
12084
9013
8901
3150
2336
14645
19850
9201
6069
267
16821
9128
11360
8500
4511
10444
13707
10111
4572
18073
5916
9693
7231
6048
6443
7006
3402
11063
19676
16335
16239
19407
15261
17972
12432
9154
6806
11239
11951
1484
13817
8929
7565
17802
2728
17345
12804
3831
16844
18606
2356
1397
17275
4257
6141
6684
2045
3561
15135
5126
7797
14878
16087
12164
7573
18887
8017
9101
9150
15212
8205
15088
3968
11493
6905
457
8051
3164
11390
15370
19263
508
18331
4918
13779
9594
5676
2440
16895
7354
2889
6654
20
16762
18050
19205
5656
10460
15795
15509
4517
12019
6753
294
1962
9288
4123
18299
18507
19549
12210
2359
1741
5435
6990
3896
1928
13536
5233
7107
2694
18930
1706
10134
15512
12437
7122
19966
3882
13790
10337
1627
2696
12838
17294
14364
17058
504
8256
6093
17893
8860
2918
3372
18068
15700
71
14216
15756
15628
10735
15399
17965
8849
6853
15053
16833
8514
8096
8089
1218
6461
5486
13383
18219
1151
12227
17022
17704
16090
12386
19256
79
8166
4558
839
14260
7028
19971
7962
8611
10350
17532
11846
12224
18677
17761
6703
14899
6921
14220
19478
18190
6482
2619
18521
16504
10199
10406
5504
3918
15351
5841
4161
2925
19036
10687
7375
14474
17301
10362
10069
10899
4515
19989
4317
8978
5757
8248
14004
8992
9409
7639
17158
15855
16581
19791
6988
2061
1195
19402
18095
18988
12970
6529
6751
11226
853
17091
19492
13074
11138
3633
13810
5024
13247
3935
5940
2705
7604
11924
3157
9956
42
8023
7349
8860
3233
9419
15013
13257
6915
14989
2088
1653
10805
8668
1968
6078
7119
17063
1548
14514
18907
10306
16070
19949
15907
4956
11024
12010
14393
10044
11033
13164
13540
10309
18536
12099
16020
4698
1296
12625
6857
7963
5851
14527
6743
15641
15077
12052
2875
16747
12535
10717
1958
4893
236
14112
10161
19385
13540
8564
11869
16091
7384
9843
10134
9560
13888
18740
19200
12402
15287
78
12745
17837
15696
10303
8841
18442
4581
16180
5444
5738
13284
11820
2894
14135
10284
16021
11911
1642
10627
9116
3292
1222
8445
6940
8783
4698
1515
10681
19568
14098
5282
16997
8422
16660
621
12517
17268
11012
7045
8708
19782
10732
6747
2496
10295
832
15554
1895
2104
4281
10018
2081
19083
2675
18137
19314
3059
4333
6789
6364
1550
4709
4251
4426
9929
19556
14313
4688
9733
16660
15094
15069
17965
11726
7247
11651
16204
13450
5657
7954
10192
18997
373
16004
16929
6768
8177
12375
9441
10221
1359
5071
3397
11884
11586
4423
12668
8217
8491
19346
3608
598
7194
7493
2072
8358
14659
9575
1087
16271
7135
17375
2762
15398
5117
5145
12286
6748
18864
12772
3843
9342
19505
3732
10433
8113
7644
17218
6663
8793
3906
7310
4743
10546
1476
17535
15993
6494
9987
16194
5130
18517
19246
3808
19480
13322
12182
3581
18658
14430
7618
19131
6633
13205
14538
13251
14921
9937
5527
17016
4615
12395
7544
19488
14471
6539
14089
5035
16141
4857
5898
7986
6828
12948
14125
1348
13869
4026
18527
7493
164
9744
3536
1151
19155
19088
6138
18012
9589
7958
4337
7458
14810
13131
2173
10222
11047
16420
18251
6464
3769
16026
279
12073
17529
12176
10584
11169
17439
7240
12917
19555
3106
18452
1414
6036
11537
6730
5967
437
4659
14270
4480
11692
4368
4905
9751
757
18598
4012
8839
6977
13722
12417
255
458
328
15011
7441
14877
10499
18100
12275
5773
14279
1267
9445
4610
3828
17616
17959
18375
442
8465
17644
13163
17470
16384
7719
15862
9850
18268
8725
18801
19474
9553
16633
654
2999
4702
2649
6759
12389
14988
5851
16695
3210
5828
15528
14268
5094
13741
9416
9255
7362
11593
10397
4936
18015
5085
9730
13567
552
8364
11901
714
16100
18747
14583
5190
1375
2857
9755
7410
10880
4943
13615
915
4187
14230
9542
11922
19963
2923
19770
8969
5113
18733
14890
14427
9139
7551
9514
12416
5804
1322
14565
5171
11128
11092
6041
12880
10206
323
11420
12601
17948
13556
8259
17480
10880
10347
14409
16933
15609
6893
13038
18324
8438
13375
18319
1560
10923
12258
17036
4058
11186
5216
5616
624
16588
11872
4222
8358
6712
15550
10580
18680
13137
10072
12767
4638
10003
8498
14796
19463
19286
937
15615
172
11819
8894
3590
10593
4841
4247
4820
1208
13745
15416
10485
19192
15484
2481
5268
8714
6148
3681
19664
9160
11804
12218
7585
16011
16400
9381
14959
18446
4829
5569
12642
2774
7290
10613
7054
15447
6894
13070
16570
938
1092
5022
6584
8332
12325
10861
7158
16732
9060
744
448
16276
8935
17709
14657
3350
19195
1109
8260
19173
10048
16033
8370
10987
1467
8885
10772
8665
12542
19382
3168
8962
6252
16448
19299
3748
12679
11470
19722
5179
3515
152
2171
16383
5240
3407
13799
10815
11980
13987
19363
18055
16877
1537
9043
8611
1739
14457
10988
3662
17589
5289
3998
776
9359
3747
18543
12342
14957
10868
9843
7244
9808
18466
7188
10291
16064
19008
19942
810
2469
64
2912
13648
11048
5633
13576
3185
4233
3808
18863
13773
11676
5139
15665
18656
11435
13848
19502
14147
14739
203
11013
4202
10892
18867
4339
8173
11570
16818
14967
1618
67
4103
17231
5190
1092
12294
19729
17461
19359
9627
14588
15436
12092
4469
7540
7836
13168
4370
11269
9677
6727
18160
16799
6417
9293
7573
14550
4066
9679
12160
6835
10011
15432
11872
5900
18295
12623
6733
10570
2550
16740
13156
12300
1845
6212
533
11089
915
1642
18662
19870
6127
5498
15425
8401
8439
7150
16271
13616
1653
18747
8665
14063
16196
19130
3742
8443
2405
10469
9201
11088
9701
220
15839
17129
14418
12892
8844
12153
11789
8322
8618
4318
17689
15697
3309
11543
9810
7692
12996
14316
10589
10946
12608
18914
5890
7775
5169
14967
11759
5226
14502
5583
11084
7774
9312
9846
13867
11478
15208
19270
8737
13857
15847
886
16996
3452
5215
15173
6384
14257
5452
5874
4262
14547
2983
5300
5728
8511
3069
1193
13945
17907
7054
14376
19900
5381
13411
15337
1510
5279
316
8788
6880
14237
17487
17475
12064
5575
5414
14797
4927
6010
4294
11128
8737
12834
18095
2440
6483
7085
15871
11167
756
13732
18639
16055
18114
11372
9281
16931
1658
14714
16151
149
17296
445
6124
6776
18925
6837
15332
3450
5372
5849
13768
17608
1485
17355
5612
10479
17605
4808
2329
12825
2848
4930
15652
451
10216
7889
3798
2711
18420
15650
8178
501
15823
17927
12587
7363
8190
12519
16740
13040
5834
6482
9464
10264
14967
9528
12251
4538
14631
2273
15821
14027
18365
15962
11960
15297
9293
12170
16255
713
15758
3082
6343
7992
18700
15397
12652
17718
7287
6623
3424
13521
3560
7139
19445
18615
12343
19162
10486
2087
11479
1349
3582
16952
85
8223
5052
8326
17811
12430
16842
9644
13291
18408
50
13702
6965
212
813
1686
9166
8191
2228
17905
7245
8883
6735
5909
1950
8877
6780
17245
17764
1691
1463
2138
6341
17974
5710
6843
3502
14208
2054
7220
11035
10486
4978
1848
8514
9001
454
16232
13040
9605
14293
10724
8017
11514
5159
14891
10478
15454
3314
12455
1894
11407
1174
16961
11208
13301
13922
2727
10151
7342
8185
16980
1722
14821
8196
16788
14671
1849
7308
19905
7180
7313
7880
2382
8471
7466
9123
19266
4162
17534
2939
17286
15870
6398
5733
1452
8476
13983
17251
14170
18693
185
19673
1884
12859
5751
8270
592
6610
13364
1728
5529
19500
9494
4888
10590
17257
17438
14161
19848
8342
19875
4779
1859
17051
2507
4233
15059
7613
19418
3744
13195
9780
3602
9496
2856
557
781
6675
17064
3431
10789
2126
14399
1516
6294
13164
17826
4335
15098
14153
19884
15848
17798
11692
8787
10172
16060
140
11192
13850
5402
7441
430
7336
13886
7671
17587
5354
17880
8930
7780
2777
3989
9387
11986
16423
15230
18185
13754
2288
11515
17720
15936
17535
14909
18851
6320
1066
15739
7130
1073
4589
17448
10032
16953
5727
5092
4355
16381
8962
5785
18235
3976
975
13021
7689
18062
19734
6313
9410
625
14769
11603
10496
8755
2119
19608
5764
8237
3156
12589
17620
9363
6487
17797
9463
10898
17258
5763
15538
6815
17894
12629
17480
3066
3623
17379
16409
13809
14001
13121
10219
2504
13193
8462
3607
14134
7751
2160
13070
14204
12941
3983
13052
12110
5575
6449
12660
8061
4952
9990
4644
11448
18476
17349
6118
16850
18619
5521
11999
16347
5025
12262
14972
18267
998
718
10167
1987
4541
4654
19973
16989
4003
14867
12195
1697
2762
1283
7354
13100
15423
4808
11436
6013
5460
4544
5368
10791
11675
6110
9600
18185
7976
13574
6834
19052
19956
3285
12834
5437
15092
12578
14562
5886
14070
10699
14649
3020
13121
19122
14813
10641
7261
13752
19247
242
15446
2330
19287
18056
7218
9877
18622
17478
10304
3683
13920
7171
12334
11639
14513
9221
9484
11300
15624
9333
307
9282
18004
4475
12787
3152
13548
18265
3377
4313
17483
5536
9894
6607
10548
13666
11409
17098
11871
7401
10670
5348
4028
14585
18930
19113
18796
18008
2593
14532
3370
2705
7364
10713
7604
6897
3721
14896
9648
11653
11311
9658
4413
12572
3786
6408
11391
11334
11890
10913
12711
5878
10329
12312
4391
190
6550
19559
19789
6889
7
19869
8873
17961
5156
14747
8273
11185
6972
1553
18855
9347
9529
2252
10235
17831
16060
473
19979
1965
2570
14383
8811
17341
5733
5901
4746
17091
5339
3514
9833
3131
10715
903
7959
7632
12123
15843
18467
14714
461
10436
17407
7484
9271
2730
4876
17385
19747
13613
12907
13848
13184
7586
9667
18369
9698
19645
16786
17719
936
11154
17209
3907
9362
10180
18818
3563
15124
7077
3008
14625
15260
17263
707
13961
9981
7708
13707
9195
4086
18896
678
15525
18855
15006
15754
14006
431
15297
2284
1552
1411
16009
5789
17367
19707
646
12318
13692
3148
10864
6596
10448
10845
3196
1762
18301
11324
18806
11099
18313
2282
4731
19858
17731
15310
17629
8746
14001
10552
16179
12703
18219
1351
2110
16558
11477
3710
18730
3974
4526
2491
10558
4319
4672
8063
15105
18608
2842
12284
5420
14275
14557
9989
8711
13030
9918
17462
11769
6406
15415
15562
6821
13485
1414
14131
8287
9559
6314
16413
19136
16060
7099
11391
17736
3911
12843
16103
14975
16215
5803
5379
14667
5831
7889
5024
1369
6165
11813
726
6419
16820
3899
10327
8100
14386
15101
13569
5140
7871
16909
4671
10043
2671
10423
7492
434
6165
8839
6204
2341
305
15363
19974
8754
257
5718
13979
16014
9105
8761
13028
15977
6762
7493
9741
5514
12538
6447
6002
2924
4770
15504
14369
8628
11871
3898
13736
15861
11502
8605
15065
1188
7844
19477
14490
635
14988
12452
7743
13221
18468
9629
8579
4885
15625
8533
941
15799
13497
3633
15033
9394
933
5732
17330
9693
19960
12095
5758
9892
8702
17951
10952
8043
7276
16148
12237
2765
18946
16117
870
2841
1773
12451
3735
3059
2814
16876
2018
2183
10140
5523
15278
12844
18433
17365
4995
12972
570
2960
15625
245
14803
19327
1366
28
18734
3245
13972
3776
1684
11323
2224
11638
15537
15388
19729
16763
17335
10477
4830
2168
18560
1737
12683
18360
5840
3717
12788
2525
17926
5297
3728
754
4275
12318
11861
378
10540
17862
61
8432
12256
2219
10146
3
325
2
8930