10000
13761
12501
7846
15055
11464
4743
532
13216
4763
14509
19104
13978
2874
14792
2829
19183
7504
18761
14871
4162
14609
4599
9472
4870
15387
2824
5951
1051
6956
12728
17155
1217
2217
3894
15456
16416
19844
16076
17597
19633
8172
1453
4066
10977
17240
9913
16529
11316
10823
11560
19344
9844
10668
19589
14048
10690
11448
1919
7720
12341
11924
6373
10633
6413
12002
7629
7081
6201
13999
9361
16348
19770
2113
16877
17351
14169
3786
8982
14822
16808
10771
5018
12474
17438
16579
2480
6444
17811
3587
8794
144
15095
1589
19705
16343
13809
6166
19816
19482
19159
6654
19202
15331
7232
8696
5928
17172
13051
14510
16958
5822
18357
12623
16341
834
19667
3737
8810
12584
2010
8547
3679
10138
2332
6101
4783
12070
18996
5254
11930
13986
19773
3460
3689
14175
13259
19358
9816
18418
11653
12794
13842
9459
17165
16425
7977
10611
7940
19359
18130
1697
7064
19981
3982
1583
4078
1699
13485
5599
17641
3095
867
19997
14635
18642
8429
10909
17486
15060
14502
5314
11382
17001
17067
16138
1787
4879
4200
12848
5250
692
6151
10600
778
12544
4208
9980
12558
16210
15984
1770
1457
10668
19175
14988
5333
11477
2435
2794
15888
5072
12822
9942
2698
1534
9127
9991
15739
11407
5911
9794
536
19633
14477
17528
5297
656
2646
15594
19463
16064
1618
1798
7097
7877
15327
6146
19208
9566
16725
17443
10915
14019
692
12990
19867
9580
15778
8972
5208
12894
443
8314
11804
6070
18940
6772
13366
19051
2996
14552
7542
5487
4797
16497
11669
10185
13242
18573
11477
1926
439
1910
9008
1043
215
18901
8958
18682
14957
12834
6665
7095
9464
2196
17792
1841
9470
122
11555
6188
5831
5211
757
13802
8715
15047
4160
16151
8247
13637
2809
3575
6478
8556
17432
14152
4757
15213
4128
10328
7235
16424
5742
3179
6585
14791
13838
6547
16072
8208
17194
14626
8490
7325
15100
18571
5741
9440
12549
13239
19264
7054
14391
2870
8286
4858
5070
11034
2542
19451
19359
12119
10865
15799
12749
4814
18298
7569
14244
8180
17589
7981
6338
12735
2152
15635
18298
10518
19708
9680
5644
3362
7468
10680
12103
9900
6771
363
1704
8816
12930
11721
12820
17155
10831
16080
17995
14883
18885
13763
2678
11169
9225
2834
13819
974
14991
7116
2912
16520
4230
11445
1215
4263
13779
3583
9876
11317
4852
12998
6807
9067
2549
13755
14764
16749
5295
15635
19580
11500
8160
4637
16581
8450
19291
7994
18607
13617
17203
15483
19541
17759
7759
16580
8778
11261
7023
206
2676
9548
9379
424
2905
9561
18706
9909
13366
2992
7657
2002
17269
8530
11567
9120
16695
1548
9387
18442
11870
10283
19051
15101
18490
2385
16993
14719
3675
5402
3120
8529
1349
15161
1760
15291
2234
14440
1720
19831
3834
1785
6045
9094
6222
6902
13478
3693
13140
6914
16191
13429
15051
10702
4529
10448
8455
5532
2455
10145
8782
19476
14495
8501
17749
12351
14109
19235
2316
13193
10853
13811
6727
4191
4726
11637
17998
1519
14124
17574
19448
11793
11984
360
513
12046
17946
5567
14955
2975
1244
8191
7737
7773
5224
18958
13301
5760
18131
8484
11844
18448
14233
5766
12291
18434
17130
8751
16039
6293
5151
10982
14957
12811
10053
5709
8760
8916
12720
12454
1246
13763
2177
8057
10114
4585
19029
13174
17239
17301
7279
17300
16552
1324
14269
15666
7739
17330
17197
19591
5069
18398
1563
6970
11183
8520
3991
3182
12678
13078
9466
8227
2020
14154
4887
11596
8534
15290
12715
13010
19499
4247
5157
13852
16265
6772
7571
1530
10014
2883
8378
17062
9407
12870
6293
12815
8937
3192
17574
16018
6735
2924
10139
9384
6074
6929
13195
3529
13508
107
5192
19482
16035
3169
18429
6003
8060
10422
914
10533
8543
19636
8120
5990
6148
4113
11740
11884
7169
15167
6699
18463
18494
8214
18992
13993
10151
2317
10843
17775
9116
3438
13130
4030
10351
2620
3993
9231
14997
7115
15616
2724
3816
10299
18076
16665
8222
14869
15147
14637
13855
11843
2323
15137
1984
7030
5130
16766
1687
6580
14722
19983
19515
9103
17048
5584
8078
18019
12056
7880
10421
387
17021
5794
5255
5196
15866
12078
18279
9007
1356
13109
578
12788
8734
17398
8589
8592
11999
10785
4050
19170
14091
17915
15215
14172
7915
18236
4964
13655
5684
14538
13928
1866
14819
4045
15896
946
12663
6754
1302
4030
15496
2518
1773
15192
13597
1185
4533
6632
1236
16511
3974
2921
7768
18467
15167
16151
14604
17285
6572
2524
3576
7949
1472
8881
15907
16171
6864
7216
19358
8316
14888
19592
8882
3980
14563
3227
1773
12729
17260
17373
7284
6111
19064
13264
9937
1898
12120
1120
7831
10036
6879
9358
6303
10672
2141
18213
19896
2536
2535
14715
13958
1888
17154
17565
8299
1295
7208
8779
13285
14069
3568
9739
2727
11890
1733
3977
3628
11624
6179
9619
5938
14661
1394
12042
873
7658
6727
701
8489
13935
10
11931
10759
16076
6139
18506
10253
19961
1520
11884
12725
4833
18817
181
10658
9461
19340
2798
19818
8248
5237
3437
13188
6652
18033
19886
3182
4282
14295
18660
1462
8042
12063
17768
11224
18139
13244
19275
4256
947
14165
12836
6440
12270
18194
2296
5785
13039
14140
3188
8494
4361
26
2141
9045
189
13060
7537
19825
4093
12602
6327
6439
1431
16829
8566
2490
5899
11754
3635
5480
3704
13596
18802
15281
18136
11172
8907
8938
81
19966
6670
4691
11520
17359
927
17410
12163
6798
8069
14142
92
19330
10323
1218
14362
15153
9110
17776
5466
3771
11758
9598
4877
16830
4830
1264
470
13766
10233
1259
3726
2166
9747
17295
16227
5847
14715
525
709
4546
19301
2260
14188
13600
4797
4665
12562
10990
19319
3993
11459
3599
1680
12870
6802
15127
4280
2468
5076
14472
8220
14026
12177
2728
17129
14618
18525
16695
12892
9296
8770
12558
7450
14545
10601
8498
19184
4805
5507
17657
19359
13218
1041
1861
17403
1324
7725
5607
19483
14637
4463
14739
14003
8040
19188
13103
19307
3841
7041
6148
2664
10227
1606
2685
11732
16061
1278
7685
10167
8003
16299
3547
438
2105
8185
19302
4326
13261
4877
19769
2517
3780
2414
3204
6137
13417
16385
12157
7259
11610
4618
6189
15100
17155
286
6610
1656
7287
16476
3302
842
13463
162
9977
17022
6944
14776
903
18847
17808
14769
8370
576
16626
19164
8717
6733
16382
12032
16885
4819
14287
3455
15496
17973
7829
11339
5978
11162
12742
13581
221
115
2330
6787
14952
14945
12338
5217
5178
1430
5029
9588
2767
9235
7431
15005
13967
2733
10883
19508
1229
2690
17236
19827
13957
7144
2926
8216
592
10358
18697
18514
3052
1819
8886
4797
12121
12879
6904
2016
6523
16683
7558
6091
6091
2219
8239
14580
9459
9041
8500
15941
18542
11092
3981
9932
18635
19999
10915
16892
18143
3636
16110
5469
1089
6422
8222
8301
4977
1729
2881
3328
15640
400
531
7445
17040
13160
2497
12511
15830
17790
4525
14480
17858
3764
18303
17364
1535
19816
10237
19719
4251
14276
16639
17758
11139
16261
4473
10049
17064
2780
7025
12374
11329
14102
13405
5952
11398
14780
17760
4805
1475
7739
13981
12666
12510
15809
18075
4668
2268
18196
8882
909
17120
16926
7736
13922
4971
13001
451
7580
3843
558
13812
18796
3394
2373
11614
12256
14590
18168
8747
3536
15707
10015
17150
18141
11535
11048
16006
3780
5097
14476
4962
9126
16919
4632
15796
17687
1023
14495
10188
18595
11810
5163
6938
661
1620
5913
18949
18186
730
12306
255
16090
4172
14887
2606
14367
3519
18279
16783
19570
622
15610
18319
1849
9025
8160
3815
15303
6222
10591
16240
8369
3772
17966
11710
6234
3339
1566
15652
10049
13449
704
10430
5706
13804
337
13788
14937
6149
3473
17949
5262
1892
14370
11612
8589
19691
19533
2286
19875
13216
783
5474
15835
12711
17521
19246
7600
17346
504
19539
18271
12592
651
19924
738
18034
12848
12203
17340
2363
19129
686
5981
14336
2738
7867
5947
9256
5542
1132
174
16644
11052
18015
18534
3959
8716
5139
14058
4957
6280
4568
4895
13359
6407
18823
5787
11327
4936
13462
7922
12400
3402
9332
10530
6086
4644
14568
16824
4262
16364
15810
8034
15206
8635
9993
2908
11739
16024
17783
6610
10906
6698
7099
17962
5815
13118
14998
8600
16668
7286
6734
2647
7715
16248
18213
10527
18846
2542
2396
10154
17212
3732
4189
2586
7389
15162
1657
3942
16485
10345
10836
9100
5485
9752
8928
19031
14009
2383
6634
4685
5654
13566
9735
10275
10234
5835
794
18647
8821
10331
14416
3490
19438
16613
12832
304
93
5836
12741
8434
5565
19433
16926
12286
15130
10720
14394
16780
319
12388
15536
18148
15952
4405
4825
19388
11151
10336
12319
15145
19585
3415
11213
6795
11062
11776
13143
19477
6976
3257
7216
3839
17034
2166
16716
5550
12284
1464
10496
12165
14146
4132
13651
13846
13634
7623
9629
4247
18024
4327
19854
19537
5733
15824
13726
10897
19973
4716
8201
8952
10916
2976
19793
1920
19341
7887
14082
16460
12591
18306
8719
776
19521
8926
9854
8946
13752
11274
12362
980
7752
2325
3108
4460
5163
17021
12554
15479
11403
6220
6303
1818
13432
11939
1192
13074
15414
2964
4878
12608
17661
11783
2466
6698
12432
6341
14371
1341
15573
17512
19654
11003
4868
15618
14973
5614
17534
13527
9386
13595
4145
5259
19105
9777
6751
15979
19538
292
1171
10606
1230
10019
9388
19066
9182
4039
8658
19560
19692
6928
5147
6332
19289
18902
2379
11396
16610
16838
5492
16560
15017
15234
2599
6278
10638
7505
15242
16434
18420
12751
12736
1344
1515
9717
9362
5211
16259
15941
11588
8083
6173
11652
3754
15576
14663
12613
8829
13548
18406
16178
12193
9479
13945
14454
1816
4552
719
14329
8943
16835
4374
2838
843
5748
8315
3675
17518
10653
8717
12315
11093
702
9613
16288
960
892
3517
5057
17504
12392
9768
1047
12207
5178
10193
8396
681
2231
1087
17400
11812
11614
6322
18855
16045
2685
1396
18183
17173
8943
12744
301
14972
3651
16005
4544
18443
15908
11165
1653
2482
12780
3889
13651
4506
2563
15999
19990
2475
16119
14958
5207
10791
2269
15500
4560
19645
2738
17002
17333
8897
17451
17099
17723
10306
12316
2424
6898
2566
11213
9807
3423
13782
8130
18874
17326
5799
7958
6873
1810
16578
9588
11000
15514
7544
3617
14322
11973
12879
14019
2802
16189
576
18055
19079
11501
8515
17479
1518
11082
5125
11433
18680
249
2645
16996
2268
1192
10354
17495
1569
2313
9053
5721
11025
10718
14499
16229
2325
11341
4734
5418
13746
2683
10748
5305
19909
1839
18705
2061
12163
6346
5084
16989
10045
18255
5912
11749
11390
19393
9490
11561
8175
15429
9716
352
5431
19274
17330
12441
8508
3577
18455
790
18298
7700
8952
17681
7938
10719
15721
8675
332
15675
127
6888
6141
1836
4843
11344
3304
5147
12174
9225
17067
1977
8922
18823
4378
240
6815
5035
3411
7
19183
2217
18830
9990
16598
14326
5415
16945
8164
13359
12286
5147
15479
15300
14468
16795
17574
17837
10042
17987
18121
9613
2000
10127
19084
13437
498
11882
11440
2202
3626
9498
12697
1445
17870
7350
10320
10072
9079
11480
10972
6669
17081
2139
7747
5131
6713
16914
3627
6986
14445
18634
11142
4759
13617
8860
18052
19146
11578
18579
12771
15823
9978
13005
1201
8600
635
1927
4024
5385
15391
10570
1519
1100
9917
1523
9700
7346
12199
5158
6465
13937
19414
9121
5382
14214
1323
11927
1961
5285
1684
9057
5517
1963
8122
9427
7987
15163
15129
964
8308
10717
2854
15560
18585
9095
13271
8129
13136
425
3251
19580
16324
2246
16749
12489
6263
19428
4980
12146
12055
19333
19192
16718
18924
957
537
13593
12592
7
5064
11331
2706
576
13430
1016
11973
19781
10557
10289
8061
498
13047
6882
911
19976
14540
5126
2604
9229
1952
1373
1535
8712
1990
18879
19031
7979
15165
15278
13944
16769
978
4492
8164
8002
1584
65
17029
6669
3159
11715
5750
4487
8686
11296
13913
18017
11656
15905
17888
18707
5592
17045
10548
2478
4931
1274
3942
4503
13948
6585
2643
17051
10755
18189
19878
12805
10047
14020
10227
9637
5757
13347
19795
4722
302
15506
6468
3292
19618
8191
7044
16169
10069
18318
7466
13434
19979
6188
12390
16380
10095
14439
2321
19025
10666
15742
4901
3176
9472
10342
10233
2052
1992
10129
6970
6873
4050
4636
642
11402
5109
6778
14669
19209
8096
17124
100
12198
19072
10121
2177
16130
17714
9678
12628
2901
9306
6720
12666
16960
13725
10559
12459
11910
15171
9910
10965
1607
6898
16017
15887
1856
16601
2491
10730
5678
13345
18438
3761
700
6099
15244
6105
17043
2778
15632
11260
7704
3701
19185
16510
17596
17121
17836
5077
7896
14684
5133
18026
17439
2302
27
3044
6129
1574
12814
18466
14948
13100
17264
8448
4215
5433
11681
10310
9706
14964
1503
9607
2256
18389
17690
10917
14897
4721
513
3761
2280
7641
2555
4963
6793
5204
19632
11062
8604
7367
3016
2916
10753
5034
10634
13869
3624
6268
9406
1482
9334
10293
16075
5101
1315
6707
2598
265
9091
9396
165
4355
12303
9557
6629
12859
6782
5187
2957
12523
10354
7432
12628
14195
6913
8443
4824
8606
15434
16404
6142
8162
18676
6159
13383
2231
5931
4574
13425
15945
5510
8365
1606
12785
2568
3018
11157
14169
17312
18445
5474
18099
14960
6353
2860
5937
6189
11693
5672
4139
16883
10533
2156
16614
3469
8363
9158
10056
3596
10771
14441
8788
4401
11692
9591
18312
5163
16809
515
480
7160
15855
13366
191
289
15546
2767
14279
12280
2110
7625
18815
4195
9488
17139
16571
4088
18966
3484
3197
337
11119
10828
11250
4693
9160
15126
19985
12982
9400
2260
7634
11133
8524
18910
19973
8725
2888
18115
5223
9612
11347
18623
2904
5821
11749
17899
12492
5075
17377
16509
4166
1879
8692
1032
14560
4151
12539
8197
10705
1325
15249
11209
15156
18391
12840
5479
10888
13260
557
7203
7555
6990
1494
172
5839
5142
7749
13530
10313
13819
12130
10269
474
14137
5048
14332
4861
16329
17656
4020
3720
15469
7726
11796
16754
19333
1256
988
8360
4841
4483
15574
10957
11462
11627
13278
14407
15869
12425
10674
7594
15138
9057
10127
12437
2127
2517
8564
7243
18399
4296
15981
13595
7114
2967
12321
8381
4987
19498
17360
15057
14687
16587
18569
4648
19608
16150
18628
14249
4074
19182
359
13414
15987
1547
6803
2375
16505
8806
2746
18104
10740
11303
810
4186
13568
11496
18319
3728
17608
18246
11794
14473
17654
5386
16439
5048
2947
12992
2422
12312
4803
997
19540
13479
4661
8108
16163
19781
11973
11355
15625
3317
7853
2821
12588
5644
7014
10500
12336
3768
130
1269
5068
8970
17305
13242
17029
8562
17210
17345
13705
5424
13364
5512
7326
15446
11159
11578
2797
176
4001
6152
8617
2067
19337
12
10658
5966
2508
3244
10887
13713
15742
18239
18603
19136
5340
14852
13823
8555
12884
12952
17050
1821
19711
19672
15704
12194
12365
13409
4899
4589
6612
16290
11585
8389
1549
4144
6409
5436
5140
6958
16450
2646
5487
5720
1555
15239
9592
1675
5046
4440
1340
17017
3847
16793
17679
19652
11416
9719
577
19187
4308
134
14094
7230
17620
65
19769
12977
15240
3742
18880
19453
4560
13830
8440
15751
1846
2721
2905
18107
2183
10038
10073
9662
11571
8835
18844
13105
12763
2300
18589
9256
3224
3690
18772
11363
17684
3578
11424
7447
6107
19180
1668
8260
8512
9487
11922
8116
11275
12521
17083
18670
10281
19425
6600
7461
14491
2622
8405
12670
1981
11627
11803
16753
1759
10652
4825
6188
5464
11692
363
15322
5328
17869
2982
16831
17295
9949
16652
11485
2371
6649
6879
19916
11913
1642
3460
14147
19761
7394
12253
12793
9782
16968
14663
7906
7850
11692
14702
16118
12042
10056
16089
8620
5779
670
16779
2825
7052
11413
5121
8873
18770
12770
2217
16016
890
16322
11636
2115
3413
7798
18585
10858
1544
13531
7124
14302
9618
6559
11824
16911
4
14555
10889
5673
13155
3433
15104
12275
10449
181
15138
3639
14361
5793
7864
6636
7884
535
5802
18246
14618
10984
14945
3641
11583
17017
15753
7102
2740
13625
14420
9862
19486
1982
12695
497
3167
1615
9344
5766
7250
15981
5315
2278
5707
18476
12407
6114
10868
1794
13191
19337
1985
18051
15293
551
6971
11775
12797
9739
7602
11805
19633
1570
8789
4015
12324
2011
12308
3123
9622
11898
9444
1867
12911
19569
15323
12238
15541
15554
1948
10669
3957
5732
11742
12409
5141
19039
7512
718
2227
14247
16663
10117
4933
1401
14675
8950
5187
7669
955
19896
595
18017
13234
12779
5185
16970
6256
16944
7230
5074
7751
5111
16391
7060
2804
17086
8350
7648
10484
3655
19103
12369
11755
9778
2904
1099
16149
9139
7521
8684
4052
18700
2898
91
18305
17818
9397
17290
16647
3653
6686
15422
3891
12089
18301
16819
13240
2732
16952
1904
13654
14132
18810
10088
10278
19371
16130
10071
2453
18755
6388
5612
13732
2478
16090
1792
15293
10759
13830
19365
11243
19848
6379
1917
9793
15336
12885
8813
552
1988
7147
1941
3239
12724
3438
9316
19509
13679
10749
170
13712
7736
17162
8083
4536
18215
8340
17089
6712
1520
6416
9394
9154
9835
5568
15043
8019
8326
6249
19598
19126
13337
6756
19851
11872
17861
7005
11742
9656
9629
13293
18711
7841
19810
9241
2513
17503
268
2850
13727
12369
8891
19448
17838
7134
11550
8787
15349
17560
19641
18630
15799
5099
15670
866
12040
10282
15852
13917
10846
10598
13688
7814
19584
11481
7657
16016
4077
14694
5591
19385
10329
14123
846
2908
7401
711
18651
1266
8349
18072
10100
14355
4671
3904
9672
18030
10634
10599
8457
12416
11376
18002
12248
1288
17586
2231
2111
4197
13475
10983
8901
11943
4868
17558
7163
14438
16663
16244
14871
3648
6137
8077
12716
4391
7727
7461
7271
19796
3645
19760
19340
9080
2361
6766
6151
14158
115
2693
11497
19527
18920
19272
13742
1942
16579
17919
10005
8202
10423
17196
2156
5552
7284
19098
6391
19848
4482
4144
9723
18025
8613
17039
4343
17239
15618
10576
17808
6782
18430
831
15139
3538
15077
12748
11038
7897
5279
4767
11400
8688
5822
16579
7619
4748
596
2031
8145
9428
969
9954
3850
4648
5884
279
11164
5524
5400
12226
16495
10928
6293
11310
10329
10542
7884
2960
209
15226
14163
1181
10203
18455
8300
19852
2209
3711
3379
18481
10374
9289
8438
2639
14490
6654
13670
3579
15934
7367
16006
10333
2028
12784
10929
16860
11090
2241
6844
10759
56
17403
1826
2612
10437
1979
13653
1945
2333
12826
4414
5389
15993
6838
14766
7779
4288
1876
3731
15737
10486
14713
9846
12112
15398
11023
15642
4032
7823
4105
647
13569
1959
16140
3495
14154
909
11193
6840
4313
4514
14726
19808
16402
12063
5722
19693
17298
12076
7276
14393
9168
17360
7446
15692
9469
5700
5170
9231
6757
15340
12268
18626
324
5135
12131
12897
10017
17761
3875
10462
4538
12716
13535
10332
3452
428
14283
1330
1875
19769
16851
16697
13620
7577
5011
1649
17536
6255
18591
1557
5060
1265
4252
9279
14899
12109
12502
6144
5249
3477
768
3481
8263
9254
16203
5335
18159
5823
19855
5533
14556
10895
1444
14171
18632
10616
8943
11669
19261
4856
3910
15390
13901
423
11939
6522
4472
2497
4784
5970
3270
1657
9249
11366
16128
17310
18615
17419
12012
16138
6543
3779
14902
13123
15750
9092
10938
17739
18301
15647
397
5200
328
3428
6394
17827
8363
408
4655
15230
2911
14141
1134
4625
19650
13047
1013
4164
12604
15143
12982
7969
11386
19002
686
4040
4510
1767
4722
14820
17499
1866
12686
4068
8850
15252
13214
14147
3092
912
7733
11505
16566
14629
14139
5904
14186
17581
14425
6906
16262
8565
3661
15418
17921
19562
18874
1829
1770
7157
1458
1921
5195
16112
1803
965
15080
13878
911
13428
10080
13843
3622
8057
11668
4233
5593
10060
8171
1374
13860
8921
463
5682
9908
7384
9261
14427
11753
213
6490
9339
6014
2969
9364
10456
4743
16865
1335
11081
12900
8217
5308
17778
16144
11743
2719
3175
10470
17098
14540
10248
5133
9007
7128
11961
13695
17845
3899
8936
17664
11897
11420
968
21
15629
15986
12471
16852
8818
8622
13961
17926
17794
6374
8340
14371
13631
17819
16385
13512
5227
19492
7577
5324
15204
15736
16587
3319
3799
5560
16845
12459
6536
14256
17648
5414
4626
5576
9341
1218
17182
2473
2862
2591
10191
13716
2540
553
14094
6361
16392
14494
12165
14721
5700
15098
46
6449
15346
3274
3503
292
16241
4303
18324
2653
15246
756
11565
18239
3978
13256
14120
12203
660
18581
8732
11175
4738
1887
10200
1337
16085
17951
17784
18096
781
7125
7425
4599
16631
14460
11834
9996
7633
2008
19134
11289
8114
11189
8551
10844
10109
7491
8469
2996
1735
17475
11214
19761
19877
1236
1959
16298
15629
16194
2499
1368
7207
7777
16975
4753
18222
10617
14799
1996
3894
5077
13999
11940
19453
9291
10721
19174
3080
2646
9011
9016
15092
9084
1878
14264
13003
6472
15259
6988
4273
4027
5454
16019
6121
10799
14928
7484
12678
17582
12768
9992
3396
10184
16335
9102
8989
6996
4767
19091
16334
14598
6169
6213
3820
14782
17694
14638
19592
1710
7332
12924
357
6944
10294
8179
17497
8150
4977
4361
17415
12741
3497
132
12465
23
17660
7499
14607
4414
4174
7253
10555
10339
5562
18175
121
17404
19859
19292
7517
15518
13320
6598
15588
961
2107
8808
4
6326
12504
4861
18316
11629
15216
1422
11001
11923
16911
19442
13233
1316
5345
16049
17451
8861
13425
16762
18449
19377
9543
5553
1095
12226
5406
1367
19936
13802
14179
8309
2796
4628
2785
9788
10124
2104
4861
11245
5438
15897
8804
8971
18327
3667
19835
4594
16434
1592
16714
8004
8992
16098
13484
485
18540
18622
13430
17100
3722
29
13449
7027
16033
12277
16387
3692
3300
12017
11465
2778
12641
17069
1511
5235
6060
2978
16878
13306
5619
2731
7454
16175
10225
11157
12840
18564
10274
6729
3569
86
16038
1269
7422
10197
6610
18769
16852
6236
4924
18036
19200
6496
15334
6732
11545
13156
3400
2603
2489
17207
13280
17439
8955
5134
5814
7083
18878
18738
12265
3828
13384
2494
5516
16807
14052
18174
16071
10858
8230
4287
4593
14121
7773
8354
8918
5255
17557
18277
8491
19267
507
7667
6481
7530
19488
14331
16277
19170
11468
15848
13098
19574
6237
14136
2051
707
10473
9512
4371
9191
2415
10395
12865
9469
12657
10735
13922
11520
8695
8012
17576
19833
8455
9299
13517
6525
19492
7207
14572
29
14584
19050
11625
15110
17382
7850
4682
6869
16426
1447
11645
9450
18648
11068
2509
964
5931
19933
10760
12595
15593
11102
6525
13525
3309
894
13489
4346
19291
12388
4286
9960
19518
15732
3463
2176
8935
15965
8345
15134
4755
2190
1375
19943
15216
3385
8623
13980
13333
10367
8647
9555
4732
7096
17904
13083
13115
14967
1557
18617
5273
11519
7078
16408
14687
12475
11391
9093
7512
18690
19984
17850
14573
17154
15813
13015
987
13591
624
18162
2839
16915
16201
17459
7157
18309
19405
13088
5233
15424
11940
7775
13435
16771
4300
19662
11262
8753
3582
1237
19615
15335
3725
1123
3143
14769
5710
8609
15340
12664
8495
5528
14438
2293
6443
8878
19809
18090
7275
17031
6329
19852
12725
16112
18050
17968
1182
12534
1088
19306
5350
3709
1215
18531
13884
19631
17541
12256
16383
17537
12042
14349
4035
19376
1701
13685
19773
12075
10775
7982
14470
6844
16653
17721
16319
10939
12949
18061
136
6007
19151
8231
17136
5863
17247
5172
1620
11017
8819
14046
14969
1209
2395
10600
9832
11240
8974
1909
16700
14933
390
11528
19907
12179
9020
16761
7673
2926
17462
4771
2573
4884
10703
1372
13897
2821
5219
8862
15478
14138
19849
11259
15076
8357
15400
8300
1109
10001
10604
7471
5882
10931
7534
10423
8454
5236
12397
1044
4418
674
17010
7774
16281
19244
4205
14918
7910
4450
8144
7938
17917
6935
3813
5413
15365
10713
11225
17318
2622
18484
19666
19802
3810
16344
17077
17638
16242
3729
19530
5473
15306
14847
12265
18312
14237
158
9443
18922
14430
9117
5485
15325
17247
16466
7051
13173
9658
18844
4239
17089
1944
18065
5012
967
14970
12455
15965
17857
8315
2235
9582
11448
14543
7743
400
2891
11173
5577
3147
16964
4582
19953
14786
10791
5740
17194
3155
19989
11477
3868
11610
18807
8741
19108
7951
6929
19738
13528
10636
15946
18034
1870
13056
15562
3612
5943
10404
7385
1012
3352
11534
4126
4115
11156
13683
4268
8171
187
10383
17824
12060
7215
8393
3310
13066
1958
14418
19322
8734
13460
13316
401
12681
11754
9712
2328
13793
19653
3011
11636
12313
8433
18932
16788
18650
17175
1862
14475
15585
11064
8537
9044
4765
18876
10862
680
183
18613
7028
5286
17418
10532
17991
11649
5269
4950
1378
5554
12808
19987
3939
639
17721
12784
10870
19000
13568
6771
11866
7539
7701
5104
17595
17143
8679
6198
7094
19367
8987
15381
8671
10040
19116
10057
4207
15222
1718
14359
17759
2373
3870
12337
7552
10686
5073
15551
9928
1509
17288
1500
5339
11615
14123
17692
19610
8006
7336
9903
13253
18141
11671
16454
288
13112
569
5842
15032
3803
3426
15872
7918
14774
17123
4393
13184
11612
6701
4128
11139
6228
8625
7154
3131
2305
7784
5610
8938
13622
14487
3852
6787
6364
11008
9023
12277
3977
5967
17698
16800
1827
1860
8631
5434
18589
7555
1843
13048
7492
5287
8737
1722
10100
11156
556
12986
10794
17429
11845
13803
5121
15039
17991
11508
13503
8532
8892
1584
4102
14807
13834
4053
6104
2291
3440
18198
6619
761
13672
17646
15088
2465
6278
5247
16497
556
13831
750
17790
3222
14288
13660
9410
7191
2300
1609
5358
14743
16991
17212
8327
1872
1523
1212
3152
11196
3460
14597
2088
18424
1063
11777
18330
12516
16478
13499
3056
19674
10818
11088
10812
17254
10952
9010
12988
8999
19780
17115
9072
19628
4415
7403
2938
8861
4325
8693
17221
7473
11043
11177
19279
6660
19974
2284
15701
14920
19113
6194
16476
6370
13471
13504
7997
10389
18576
15797
6951
9903
6513
4024
17404
878
11254
5014
5609
2369
12041
4379
6213
3119
15072
14936
7424
397
12058
6555
5324
1718
19958
17420
13327
13440
9903
1169
14863
19928
3238
5549
7149
7689
11838
14163
5931
11920
10196
8053
8890
7595
13946
6955
14335
19293
12277
4091
7194
6482
16682
9064
5678
16878
3269
5406
12967
6424
18655
5717
1927
2075
1875
12190
16751
736
3145
2279
2758
13152
7759
18836
17048
8819
1692
9569
9352
11505
18688
17642
10443
14185
9286
246
1094
11183
12789
9087
11746
2350
17564
18956
19371
15061
1179
18230
5812
5872
10009
3972
2876
18133
16698
16585
17072
8491
17336
1314
18695
15963
8054
492
15424
19334
6069
8757
5831
12825
18641
18830
7185
606
17914
11107
3056
15366
9783
11064
16463
9059
14923
15911
6682
12043
12813
8273
4223
174
4658
18127
4738
17280
12696
15140
9728
16458
17306
13416
17710
18544
9207
9304
12989
4603
10435
6921
18213
4220
5499
13610
10834
7340
12967
6388
4276
17689
3474
13787
2724
1004
7177
4630
5375
17328
8837
4353
16417
13243
2007
13177
8480
19899
696
1971
11763
5327
17949
17753
4173
2140
17269
17773
3899
6900
15214
15252
3335
5907
7517
6432
2634
3276
8278
10883
7463
19585
9896
1287
13127
12710
19037
18511
15583
17621
11402
16048
5618
7926
12687
6353
3548
3409
11983
9687
2182
12817
11666
19553
2247
10104
18402
16376
9976
1185
16247
7727
17570
6018
18570
17283
18712
12126
2928
7948
4039
2434
19177
10888
13947
9341
15265
2730
18224
11276
19025
17920
15327
13460
10989
16216
16342
12853
1292
15676
7672
19345
4191
11779
1094
7932
14318
18966
1491
16811
11671
11595
11367
640
12933
14120
4154
7053
11761
1983
3286
17167
547
16210
5601
1927
18750
14431
11604
4884
12517
4476
12455
19429
14534
2742
3419
13342
11533
47
11755
17499
13444
12091
14220
5378
6196
8386
17440
4399
16760
18997
8870
18435
17772
15624
2147
6515
17341
14363
7278
15488
17060
17809
12977
2514
2341
12395
2626
11948
17871
4376
4884
12456
14187
19861
15166
19112
4296
14586
4110
12126
7200
11498
11834
13255
11446
17704
12715
17987
13307
2391
12339
1330
13786
6271
1596
13796
2359
18174
7511
3208
3427
16298
12702
6858
3205
9549
16965
3885
10702
17443
4134
107
10321
8972
15978
13070
7255
8034
2928
15849
9106
19888
19320
17150
742
2765
14751
14959
12484
13006
9395
1875
12493
847
7403
16603
6026
19721
2728
12950
12300
3757
19047
13467
3609
15973
11444
8175
18575
16131
10866
2757
8184
7645
9221
17572
18774
5330
9284
9024
12068
13789
4027
6537
8448
1417
8476
8537
144
13032
105
10530
8480
18604
19534
3937
8115
4970
17020
17813
12484
1479
19433
979
9299
8876
15799
9362
2885
19575
1232
15912
11276
10036
10873
19379
10944
3620
8210
7652
14579
3629
41
5579
6063
141
19102
1225
10364
17898
15099
12469
4809
18304
1743
12529
8578
19428
287
19900
1219
10132
12933
16990
10032
14287
3089
2407
16914
4108
18478
18261
15436
18506
1831
9998
11293
11177
6486
19976
18004
17641
6522
8866
6752
1858
12911
10049
19568
7822
16357
3917
7010
9908
5214
2176
1569
16136
2260
14518
563
12758
19715
10040
15750
19406
1041
14251
3134
4419
13117
16589
3669
1585
9604
15736
15448
19881
822
531
5304
8341
10510
7777
808
1074
8876
11115
7088
13346
5079
11191
4242
11088
17505
166
5135
15050
2377
12278
17095
4905
4513
5700
8777
5090
1577
511
827
1333
18567
172
16755
833
18304
7878
4158
1864
11631
1358
15166
11457
4312
13712
17146
11090
11062
14499
19720
786
16746
11985
14192
2583
1701
14409
4190
19910
19887
13730
11876
13453
2766
8520
13722
4974
19011
457
19193
19983
14199
4913
6900
18569
9971
8404
5711
4180
14137
4587
36
13313
12146
11804
4234
15125
19026
13217
79
7067
6776
12553
8273
3777
10808
5437
17964
1508
18728
18117
12748
18721
16461
7513
2915
4924
15818
9851
1440
19952
15568
18172
6521
9084
9581
11024
16388
13171
4201
8914
17688
15117
3768
4955
12758
10763
3847
6438
2862
1991
14435
15917
7720
2872
2128
12832
9209
4293
12370
16409
5603
15722
15310
16196
5809
16478
19401
7258
8789
15566
18697
1162
12462
18658
8303
14000
13022
17128
16202
1170
17409
17185
16766
18602
17729
5353
14113
13240
10178
2141
6481
5601
6891
2385
13855
13003
13420
4654
14006
10953
9128
18041
3112
26
8326
14517
5841
3435
12468
14380
12473
6002
16210
8110
14919
4544
523
3253
8970
4252
17870
11730
8545
6453
1135
18491
2789
17924
5714
7765
1372
12063
3863
17841
14815
472
18445
2827
329
2413
15055
12664
6203
13308
12506
17789
16580
13160
7292
18668
2169
13455
10376
13527
5060
14276
6479
1503
17933
1321
5723
4225
14922
630
4627
498
5168
17451
6420
4978
4
17880
1105
8941
19460
19928
11920
18878
5502
1079
6892
2204
16450
9450
9295
5872
8527
9024
19186
12424
4191
33
6793
13016
4967
11159
11229
4764
16927
14460
8121
2181
13784
9713
2358
7486
14758
19584
12132
5212
10655
8534
6685
3871
2462
4933
6291
13948
12450
13255
19325
19235
10894
4809
19723
11152
4056
16827
8677
1461
18143
16289
12878
8120
13621
10414
13908
871
66
9814
11152
2482
3065
2362
906
11858
3903
710
6781
19022
17186
5889
5647
14671
14765
6422
2144
8821
10339
262
9000
3438
17746
19672
7135
12348
13233
17936
10292
17990
9100
13003
6074
18132
6467
19690
19632
8650
7166
6127
4485
1648
16377
7088
9651
17124
1460
17258
7000
10781
1902
6917
14061
17057
7654
12815
14889
529
14488
18289
16358
9349
10874
3
15500
1182
7252
13951
13771
11469
15805
1511
9613
18451
4382
19927
3700
10535
2472
18372
134
7959
15353
9717
17956
11165
16249
12032
5217
6760
4184
19890
18702
17294
1712
18754
6253
12334
8419
13645
2076
14936
14010
18497
6618
18923
15433
19649
1445
19809
2423
2308
301
1143
10729
13260
4445
1757
5529
570
7565
5554
5788
10891
7211
9868
13891
2033
10709
13062
8451
6308
12639
7889
728
6671
17982
15038
18599
12907
7938
18512
8169
5833
13000
19151
1454
3632
5040
4569
12654
11792
18090
2938
14651
985
17400
5147
10982
13251
16700
6392
16037
11211
11582
5475
17898
3077
17653
16543
14705
7443
9719
8929
19173
2036
10242
5729
11117
17992
105
14265
7956
2634
12303
17088
14452
17526
6893
18910
10372
15279
19958
2803
15134
12952
6178
8108
3634
5326
8786
586
12839
15531
2121
8079
4472
1951
4718
12250
11024
10186
12212
16208
6316
272
12439
19703
12568
5303
18085
17860
12495
10606
16419
11358
9386
17229
18332
18865
13707
13516
11896
10659
9103
10137
761
2503
4650
10080
17862
8650
17519
10560
19568
19680
16804
11164
19513
8767
12531
8510
14963
17990
3073
2969
17296
14962
3296
12995
11971
1003
14753
4527
17375
17087
9408
4492
12023
13030
2812
5362
157
9411
19667
8398
15126
2015
16828
9933
2310
10224
17130
1554
5622
8029
6420
1505
6379
15265
14275
8021
7953
16305
12043
4642
10822
5246
16278
5406
2687
8701
3292
12954
12288
13230
6923
15864
13075
14162
10356
40
1966
5073
2490
8723
11662
11116
19279
1170
16404
17820
6788
9894
12047
19104
12767
10452
11873
7199
14596
13039
19596
15591
16233
3871
10601
12353
15347
19452
16678
18293
14372
16239
6866
14059
17796
19812
8566
4353
3942
2272
5924
5461
9801
9693
12591
7918
18899
18871
14058
12678
19165
926
7806
2274
18528
2074
10751
5808
6532
19215
3134
5208
6144
3716
785
3837
13392
18635
8669
14051
10995
11669
17148
9504
17084
16652
3079
8700
4223
18675
10966
1340
9586
773
8927
10630
11067
11336
12084
4577
18630
9566
437
14341
10984
16089
12464
10892
18744
17999
6758
9010
15010
18848
14339
18160
10309
13433
5229
10424
11791
4721
4819
5764
16236
19127
8647
18694
13628
13961
5463
4623
4910
8902
8915
10960
14150
3699
7067
10391
17195
8093
355
2035
4164
12972
6453
5427
10045
13996
8470
4835
10441
18680
965
18307
7104
4826
18065
4150
19466
8007
19202
6530
15857
15376
275
9955
18860
14854
13958
6617
12535
12946
16478
9992
1903
15255
5079
2758
9245
12109
7055
11551
14625
3077
8897
6697
11555
9201
16113
13252
19457
16961
14092
17054
12272
6429
1818
2065
4701
19269
15378
12456
9045
14668
9235
18741
9465
10189
18319
3399
5151
14306
5888
6168
14416
9680
16797
12907
1957
15549
18396
19011
10763
7154
1698
7126
9575
4869
11486
11281
18588
6718
5264
12636
725
18814
6479
12832
222
8532
5697
10439
18058
4691
18017
5052
3710
2810
12230
18916
5368
18516
16194
14910
7344
6228
4072
5971
6737
5154
10911
7742
6568
1996
14022
15245
14642
10975
14612
386
14689
4837
824
19789
4412
2654
13129
7866
19013
12756
1017
5730
7929
16986
9087
1888
4468
10866
15081
16168
16065
9541
8354
18572
8478
3997
2553
1146
18002
5852
6156
13383
10246
4045
5262
18466
18025
14466
18096
7070
1428
17424
16351
2747
11565
5951
6704
14743
9580
11866
2633
1986
18300
12041
3608
18515
7365
8364
18347
13670
7262
1456
4985
2115
8369
15167
19433
14015
6211
19834
7268
7693
2485
6373
10106
18390
3683
19602
12535
12380
15623
16324
14624
16693
19489
15913
19100
7866
12121
2082
14982
8095
6029
2382
410
16900
4364
7149
6666
12492
4239
14174
7518
1283
14854
13208
365
414
11520
19503
16218
1983
18477
2202
2081
19445
17845
3856
19888
17623
16544
8517
6094
13363
8124
3510
17635
7173
16007
610
1181
14986
13983
12364
1671
275
15603
4984
4499
2016
16919
3757
5387
8631
11487
11436
9787
15269
19771
17948
6979
7293
8384
362
15258
14159
4817
16387
174
10489
8138
17259
2702
13843
11860
1478
8711
6426
8229
6543
6632
3617
18627
12036
19210
11443
11980
5582
16491
15099
19279
3998
14773
8070
2091
19335
10443
17827
3362
1471
18384
10227
18988
19474
2169
17472
8562
6730
19788
1375
11077
9311
16337
18654
11060
4242
3658
10033
13769
12933
7444
4081
9785
1567
4262
10018
7639
19102
15586
3305
11850
10757
931
11705
19089
18003
14601
6285
1901
17339
18317
12527
14382
4927
12022
17383
10330
18905
3023
19757
459
9820
18242
5303
2023
10514
9410
5966
6861
9190
7325
2775
6180
8251
8782
1380
15051
18822
5562
14102
919
19922
9725
2635
8571
19069
12338
13043
3170
12200
13706
7410
912
3667
17070
11865
3553
8878
1190
7919
5776
18074
15093
12406
19538
4941
15355
3629
11828
13931
17686
872
16040
5046
14873
15181
618
9464
3414
15163
8232
9284
6572
8119
19004
12022
16377
15198
19454
14826
17401
10738
14098
12532
9706
18784
2061
12616
4685
11273
243
4691
17487
10836
1122
17050
12129
13763
11658
969
10555
15806
10428
19009
6195
16959
11750
6647
13807
18229
2323
247
19125
3140
4089
14042
17928
9451
17895
7923
9085
19974
4782
10817
17062
12993
10337
8511
18046
18978
9009
74
397
9175
5588
5669
2696
11408
16347
19334
12876
3229
9370
18645
9440
18348
15663
19013
13881
12677
19259
7588
2612
18003
6077
6226
12317
7715
14654
2780
15048
4793
15868
14367
15224
314
13760
13320
13974
9577
12362
4660
14323
5944
9502
1545
6865
4130
15601
4525
16265
5716
10424
18176
8869
15878
18652
17647
13987
9940
17811
651
6771
5687
10524
4958
16678
5023
6412
10027
6226
9764
12094
4242
4770
18329
11840
5875
8699
10274
5048
155
16767
826
10845
6419
14261
16729
13398
14578
7370
14208
3033
764
10055
18438
71
12341
6264
16635
6135
7375
16256
6957
1667
13733
14329
19513
807
2399
5957
10913
3351
4971
14017
10744
5681
2439
9161
4007
13267
5349
13344
12034
2612
5816
9959
6966
15197
13314
18787
17820
1729
9938
11870
1993
13833
15963
2222
12063
6464
946
15204
2041
3150
12677
14829
17850
8356
18919
14464
9611
443
19805
16892
2033
19638
18791
8787
5804
6397
15681
8650
14212
12307
14584
18203
11084
17873
18358
9009
9012
10845
13014
9840
9640
10374
1813
19203
7512
8086
9344
7763
485
1088
4551
3985
7508
1143
1062
7795
1742
2266
13787
19574
3145
11484
2063
16063
9404
10023
5593
105
4513
10743
18379
1964
10537
3930
3859
10167
14576
18351
16534
10255
3058
7209
10520
13471
18180
17443
10014
1816
5723
19608
8019
507
16546
3829
4566
17627
13342
15181
1654
3765
16877
15306
15354
11370
13817
17618
19509
10092
7676
18473
18865
6444
4149
3783
13152
18137
7361
9984
6083
2704
119
14824
966
9129
5804
7104
11735
3205
123
6149
10568
12116
19566
18503
9054
5454
16895
2252
5733
2908
9374
7012
7502
14064
10878
433
6485
10281
12533
13390
773
8220
7379
2170
18365
1555
17879
2677
9116
10851
13922
2872
12366
18507
15757
18035
11913
12990
9947
3301
2207
6376
2379
863
5695
8493
6984
7124
11037
4287
18705
18618
1832
14433
661
10477
11264
3297
1116
4233
2681
11968
5172
10622
2499
10367
14818
14558
5168
15422
8319
11301
15957
7314
4851
4360
7539
16093
11798
1926
1182
8435
13247
11764
7809
13503
2245
10683
12678
18991
6220
11918
19304
11762
10172
12241
11511
2942
13760
1379
3366
729
16740
10328
5939
16843
12024
9813
18270
12820
17266
14321
6873
1714
17528
16195
1129
14347
17602
1819
1153
4608
5967
3160
3574
4793
18512
1641
17521
7119
19097
9347
10530
12861
15090
16020
7971
5198
2302
10890
17874
13674
18883
749
18426
16923
391
11409
2065
18710
7284
15671
12652
17351
18795
12144
10329
8257
15108
5193
2977
2653
11026
7147
6704
5327
10572
2942
17253
9392
2697
73
4126
5218
14149
19428
19571
16843
18068
12113
10768
18387
8582
12068
11429
14700
4658
10601
18073
15028
8413
14501
408
10768
3831
13113
1231
12873
5737
331
2006
3926
8256
12154
11112
1419
9015
16063
5933
15189
15921
10608
5608
11252
13978
6780
11533
15018
19454
14222
16395
3963
10122
10851
1662
15313
13400
9371
17338
7917
15904
3237
140
16002
7624
27
16730
5303
6686
6243
2603
9392
17291
4772
1744
9523
3320
3432
12244
8406
2019
10944
570
16959
14677
11303
7737
10668
17345
8913
7686
12453
4590
6186
13026
7646
846
12889
8987
14390
12772
5370
15568
16166
5721
2102
2699
5260
6935
19913
19604
14073
9787
12793
17549
4581
5003
19504
13055
16439
12780
2243
7105
15527
3924
10211
16622
7529
11206
12617
4931
3209
16976
1643
18819
5842
9533
6672
2670
7147
13900
1461
7558
1707
18005
3051
18622
15254
1424
11955
2145
16372
11098
4472
7724
13398
11529
3179
8548
14473
17470
14378
6355
18510
16284
4283
18204
958
17939
13260
17159
4538
4156
2580
16463
2904
8070
7000
13010
2919
19924
9185
1727
18864
824
6471
2286
19281
2787
19096
106
5490
8649
8180
2413
1543
18322
9146
2100
17771
5489
19400
5868
345
17227
16684
17475
9558
14856
3130
6275
8048
5180
4344
16363
17250
19357
16719
17093
12280
10706
12464
11369
18522
4174
15177
18446
13568
1369
384
1425
17659
3712
10697
2013
19625
12771
7166
18255
13090
3545
2641
18381
8472
19606
3352
11681
13792
7793
12378
2613
9261
15763
7373
3956
11927
11738
8243
19047
16502
13405
15530
1679
8688
19418
1301
17276
5074
16806
4080
11802
5640
3831
2651
3407
14085
13386
12818
9961
7845
14348
13083
19900
2369
8901
12223
6375
3644
15360
4559
14857
9502
12682
9367
13414
6112
3654
13011
3651
12512
17159
8764
18133
7956
2541
12537
12082
13058
13471
3949
7302
12987
19344
1043
2841
646
2768
5018
16518
2779
8184
215
3561
6463
12949
290
4648
1326
6940
12955
16023
10756
5965
17645
11778
7095
3279
1050
10804
6409
2297
2851
903
18658
17392
124
9470
14725
13086
18682
12104
3766
1763
8039
14023
4674
7749
510
15655
12404
10659
11528
2313
9115
1042
201
5981
1212
6607
18228
677
18056
14899
12286
19737
13675
11915
8968
547
5885
6761
7242
19206
18549
279
12780
8263
16361
15225
17611
16082
3028
13273
7743
12867
9543
7511
6201
8019
14102
15128
14001
5204
6547
4813
266
6045
10083
13332
11466
3190
18818
307
7766
15417
12195
5114
12004
13814
19306
12426
13668
15103
1071
8981
14844
17317
14245
12296
4490
13225
119
15031
6360
8441
423
763
3657
13015
9479
3401
1726
4569
12959
2547
6210
7133
18017
10474
3725
8429
5825
2635
12973
7946
13361
16098
416
5334
10632
11210
3489
15032
11160
11554
2003
3475
3846
12156
5116
12896
6199
13298
3719
19028
7821
15386
8332
14122
10749
16825
7330
18812
8043
14126
17940
7002
47
4907
14342
111
12629
9142
13376
2226
18709
10713
12746
2015
17567
11232
7778
16463
6964
3353
1064
4118
14798
12142
16432
5372
5655
19039
16870
15732
16713
10284
16176
17008
6492
19535
8406
19135
13254
14644
2177
17124
9179
13494
8979
4637
6325
8359
18595
12960
11011
7933
19712
2316
13291
19888
10413
9665
10614
17361
10923
3174
2856
14477
18296
5209
11802
11280
12883
15313
1635
7890
12395
14647
14846
16471
5137
6289
11588
9342
17830
680
19618
680
5549
13548
4476
13040
14734
19261
4467
18980
16711
613
16442
15818
6677
7480
8979
14395
17856
6348
2582
15921
19824
1794
8435
1786
19625
8411
445
5329
11750
10939
332
4217
7684
14159
1382
5664
12807
2224
11551
6873
3221
8478
11310
17546
18512
4524
10998
2653
1605
18920
6881
16562
6620
18691
19865
5544
11135
8186
12944
15508
8553
16913
9080
17567
16849
15944
7825
11615
14866
19844
10462
1397
2693
16682
4277
3281
9589
8612
16637
13273
19212
19996
2550
17274
16657
14904
6086
4248
9266
19243
19119
17707
18878
11003
7864
13319
12437
10925
14814
3886
10310
11815
4038
4652
16222
11214
14453
15243
11582
17314
19350
11575
18135
15085
14551
8741
5570
16957
12783
975
18893
15501
18494
2067
9505
7461
11961
4585
17138
5216
1794
17241
6673
17768
1591
8871
7085
7336
16219
9110
351
5091
16669
5949
1090
637
7025
4268
169
15298
18094
18071
18108
12456
17494
18576
17315
702
13017
15302
7126
7142
11069
9825
17886
17776
9025
17120
14947
15418
13447
16913
1273
4150
9382
4468
9039
12722
9143
14100
2910
8123
3313
6679
8300
8929
11434
4500
8951
3514
7497
11546
19269
8893
9475
3247
4736
4192
18900
4569
4518
18316
4177
16630
13166
418
16790
672
3094
3209
18724
18078
10496
14462
5065
5923
18374
17541
4768
1554
14557
17290
11242
14197
6336
15474
5568
2631
4602
2290
2246
3394
4504
15689
7867
15185
436
17449
12706
1978
6786
107
13588
2338
7887
12573
5403
4833
3035
4511
17256
9743
8927
4364
6414
6479
17779
9009
19831
4464
11341
18832
14611
4229
201
15647
355
8372
13501
10081
10091
7600
2168
3939
1733
9255
11838
17113
10177
16291
11140
16256
699
14788
19385
18921
16111
14737
17400
12220
18189
14601
431
1925
6951
10036
13329
15375
948
13989
3024
9025
6032
10592
9188
14344
3062
5155
19103
6000
43
2950
2006
2628
5955
16761
7615
1424
16714
8904
9937
2578
16474
3489
13899
17594
10
10561
916
3139
7484
6831
11068
13835
5828
13345
16186
16992
7740
3577
16259
19994
18547
18079
7362
12400
19595
12267
2202
14179
9336
7432
4386
10620
4950
15410
11918
191
15206
6274
14969
12633
6371
1240
273
10058
12880
5317
19126
12622
1441
18392
13079
8957
11718
6936
3248
17627
6196
7746
16217
6921
15073
9375
10516
9167
4857
14597
19509
4889
3931
12521
7390
17924
7704
16086
14718
18685
3155
6267
1918
111
8373
12266
9688
9658
13359
12424
15943
7215
5221
4605
4910
13884
3753
13991
9171
2257
5932
16123
16505
5766
15285
6109
13954
15404
18288
14660
19348
15357
16738
3967
6726
7724
2170
10465
12888
7765
9404
9555
729
17815
2296
412
2939
2125
13943
13640
3664
14177
14842
6404
3078
7397
2994
7702
8845
9030
3929
16080
15345
5004
7843
981
7985
16828
4851
12267
17912
13164
6088
13
5658
17671
2352
14887
11147
7948
12458
3218
6266
14805
2662
19989
8819
10122
18242
3890
18690
16039
11056
13489
19124
7326
6937
10962
5909
4493
7604
14099
11261
15264
18592
2500
11957
18807
8724
19210
7013
14960
9704
18574
16624
19227
6498
4703
1634
11515
2681
18381
7481
9073
536
10976
17953
1701
15808
15003
5858
5732
17716
15064
9023
4223
2051
10412
10512
1329
11869
10998
4064
4427
6229
15839
5750
11936
14517
9282
7419
413
4767
18633
1425
1295
11966
7637
12385
10015
12944
6906
5687
4355
15763
10619
2907
12265
15007
3802
11852
4892
6741
8595
17742
16289
1942
8193
16903
15833
12239
10651
1642
18781
14856
992
8498
1589
4143
14433
19852
17849
10108
16246
3147
13887
6288
17472
17471
15466
9132
3378
17034
5748
16084
19122
13100
11307
14371
2010
5123
13731
6578
4473
15992
10932
2456
12428
3927
9748
18695
2514
5237
15600
19155
14906
17897
16127
11360
1551
3589
8906
10749
10771
19012
11821
9031
16072
8915
40
14661
10491
13951
10643
10147
11307
2244
15994
11430
4327
19890
13340
2487
6404
130
16350
4763
3610
14321
16863
4858
14832
490
9159
1259
119
18377
15512
15133
7949
13111
2831
7743
1734
12518
13554
16747
17090
7954
1654
9962
18556
10043
15596
907
19979
5513
772
17604
18106
19432
16340
425
13496
15260
10408
3795
12067
19386
8642
14202
19742
18318
9737
16012
10837
18909
8221
12639
971
11960
8767
13594
8273
6230
15014
31
3998
14346
3513
19593
1214
9948
15945
10517
12451
7592
5291
12920
17901
18667
6387
11951
11987
9775
17179
12365
11745
4720
16571
4731
7992
9715
8810
4960
19409
18623
7208
19341
8117
12463
14050
13815
3061
2774
12417
17019
19863
13313
7191
12529
7839
13717
17100
16961
2457
12295
4711
6004
4906
9241
16268
1206
12008
18664
13479
16352
10531
11903
701
4736
15409
37
2227
9510
3860
2792
10811
4251
7087
16146
3221
10209
3148
782
6824
395
11881
15505
2101
6671
19424
4332
11603
19905
14238
3019
10051
16151
5968
16775
94
14722
6689
10957
2100
5500
17511
6508
3092
7783
14383
2045
14954
19507
7328
10706
10544
2137
4223
3944
9009
12453
2730
5779
3698
3549
14487
11650
6668
8670
19732
19183
10061
2782
7315
6641
724
16907
7698
928
1622
1515
3722
6515
6759
8354
3175
11606
4671
15183
9763
396
12474
4986
2881
3310
2691
4496
15745
1323
9480
536
5874
4621
4390
13933
14507
15704
9479
9618
7641
13890
9644
609
18714
1350
4591
7540
16757
7864
3255
7096
15210
3193
3251
3398
11763
6727
8163
14458
1702
6682
9641
12752
19054
19650
15292
18729
6816
14765
14204
15635
15746
12493
870
14321
19102
311
4948
4929
15329
13361
8355
16650
9451
3968
479
16425
7663
3287
19216
243
2639
10984
6067
2950
2802
5756
14876
7851
7797
4418
11404
9921
15624
10299
17567
11925
8096
94
3269
13761
1310
19872
12845
14120
15230
14639
15292
3928
15885
8342
17335
17819
11249
17327
197
12161
8454
18973
2022
6650
14728
15357
18375
18060
10282
10431
769
14283
7388
16686
7588
11916
8912
16358
14580
11636
6781
16893
18215
19007
11870
2589
8543
15070
12394
16619
5064
17904
13949
14503
66
12659
4454
3510
13307
5138
3558
4209
9682
2166
6722
4996
4636
14050
3024
13624
5366
4174
11102
3474
3940
6877
15098
17802
3119
8000
7178
11010
3162
3284
9434
13377
14795
18184
16838
5417
5971
9600
4293
17189
3116
17439
6737
19265
16626
9785
4484
14229
11026
8629
19401
15290
19482
6573
18221
3316
19978
10905
14911
18825
790
2001
8070
11603
9842
3670
8155
17144
11592
13615
15452
2541
16206
3581
1784
5630
5881
7017
4681
12107
1768
2957
2315
3268
10881
8808
18758
1457
3542
17194
7921
10301
11172
2236
13742
5875
13926
15497
17882
769
19199
16853
17410
15007
5057
6000
4561
641
6672
18318
2137
17405
618
17715
6419
11197
13265
9451
19484
19075
18142
9531
9049
3406
4204
9538
8148
9207
4289
16482
6008
8582
19779
2582
13815
10501
1644
15369
6181
5552
4094
9942
6866
19825
15986
11215
19580
12424
19228
11528
5426
15233
11614
6444
16045
6603
837
9038
1078
15604
14044
1415
7433
4753
2274
14053
4657
3815
18955
16091
7680
15652
13884
9465
10669
9404
8682
126
16277
7731
12434
15221
3424
13702
10103
5324
12384
2842
443
8227
12133
13054
7439
14086
11575
2087
240
13961
12274
1744
12701
15171
10104
2748
9399
6842
5093
9840
16394
8435
13028
8085
1742
2617
9733
754
6206
2757
10848
1690
18247
18368
8463
13109
10221
14801
12686
345
20000
18044
539
8581
3259
8925
4157
1206
590
2964
444
17077
12114
19509
6271
12209
1874
18895
19202
9218
11668
3310
1489
19527
1165
19907
13444
12210
5407
12040
808
19771
10651
7816
6670
6636
8627
871
19176
10624
1613
621
1913
9022
15452
11269
12367
2810
16884
18143
4338
4
17795
9910
12665
7249
1212
18824
10804
8768
9349
14658
249
16870
14451
577
4613
2113
8421
6844
18977
5042
2523
13221
11432
3932
5979
4885
609
5789
10275
10660
12465
13775
1535
12323
19047
10975
15711
1309
7046
6586
2788
17743
4110
417
9047
19853
3107
10548
16513
5669
6833
1713
6598
4218
2903
19254
13388
3695
18186
18282
11548
18623
14219
8025
19206
11547
17913
8113
6985
6532
15908
7148
5159
1534
16888
17786
8009
13900
2406
7190
10062
5560
10886
19468
8364
3979
16435
16394
1097
15877
15963
4931
2706
17780
11720
16895
17777
1606
14164
12841
19430
15439
9766
13443
8015
1083
12385
236
8694
12084
15612
254
18866
19702
19916
5614
19667
19470
19702
3887
16275
16194
14794
7616
11431
8002
5857
17964
15409
17501
17224
11888
17951
374
10419
5140
12333
10821
17375
5140
14485
6564
7882
15187
16343
10465
10173
11144
10467
10694
7840
13045
19359
14918
3289
13198
1713
3219
7384
5449
193
8054
14183
14650
714
17404
14602
2394
627
19978
18674
10820
6013
7943
17638
2007
1301
4924
2065
1566
3507
16151
15662
18158
54
2026
1498
7404
10227
13819
13028
12166
16338
13130
3581
14526
18170
373
14154
16175
14738
15360
14260
2115
18839
1348
7142
7290
208
14811
14085
1957
9942
17532
10154
810
19450
18641
3075
3591
8808
18293
9307
6046
408
8575
6946
2762
12859
3377
4412
4339
16928
16992
16421
5550
18914
14794
13361
19414
6556
12226
15427
18086
5609
13611
16863
7186
19171
4212
4863
9530
19590
5807
12806
12963
4629
18414
9886
17634
4110
17539
11387
11388
4650
9104
3846
14655
16156
15872
19231
9813
19578
7857
7374
4294
11306
12938
19549
19506
459
10281
4085
3212
12926
5895
18394
17916
3667
4464
18272
12028
16764
149
12520
10043
12802
10121
5784
8057
19666
6445
5343
384
17856
5935
6703
6968
10366
13765
13453
14531
9183
11817
9836
6726
9602
6620
8463
44
2354
15718
971
19482
15806
19054
10274
725
10431
9676
13980
12675
2506
1090
19417
3214
15500
16066
18155
8037
18561
16064
16489
10878
2828
3230
7346
11696
19975
12118
12985
13899
18947
13327
7953
7252
14020
6308
16362
1570
19523
10118
3056
16990
12838
13439
12837
2393
13947
19965
5397
11749
13688
6422
4836
16601
5197
14427
11005
12620
13044
18234
6637
10600
18670
3441
674
429
3340
9742
3625
9622
15940
5980
289
18040
17780
3068
4025
2165
18824
1794
1806
12147
16317
17195
6106
3277
5533
19834
7349
19251
12257
11215
13908
9700
307
12247
15350
875
3409
4636
10994
9119
13794
16774
3796
6505
5392
11751
10593
2890
19394
7312
11175
18378
14983
434
5670
3658
3415
2445
10211
11609
9669
4069
15006
18941
14044
19318
5064
11696
8786
8335
15264
18602
15100
11450
14856
1037
6880
11212
18637
19435
8451
14714
2292
17605
6501
6223
1818
8447
537
4830
15922
18296
4810
13057
6430
13225
5251
12622
15265
12241
3106
15021
505
9201
3763
16579
18898
2336
2559
4053
10451
12263
14408
16469
9573
17855
12826
6322
744
12567
16037
11939
10161
494
17293
19014
984
12301
17921
11363
5014
1108
18736
117
892
19775
12948
12585
10508
4230
13446
7107
7705
10634
7355
11069
7283
19358
4065
669
17821
12302
2965
5390
3343
12412
6264
13896
8063
17489
14727
2010
1976
9299
6663
16014
13379
7899
9283
9899
3316
10311
16521
14932
17430
15220
11917
8042
12515
5052
7227
13235
14680
7063
14948
8930
3048
19545
4003
4483
10998
5332
16167
17664
14064
2292
19637
10336
15208
7397
1610
18036
10560
16007
1311
14257
13901
18128
13321
1757
15538
4290
21
13480
15170
16361
12257
7543
11906
12612
6256
3456
14561
4804
13727
2711
19596
10512
8996
13853
1004
7436
17807
19875
4780
8502
10284
12903
7230
2102
17612
5590
361
16664
9300
1694
8728
13390
3869
14323
10021
1403
3337
2461
9495
4962
5385
18230
10072
13386
5969
6045
833
2852
16010
18645
4580
2367
6435
19518
12075
17714
8273
15352
9183
9312
13188
1622
17840
15526
15665
199
9573
14961
6124
18122
10950
9334
1834
17002
18648
18781
12924
4700
15224
6124
642
3513
18812
12705
848
7014
1214
10151
1006
2712
2053
7462
9901
13076
3930
19164
6877
6850
11711
16322
621
1656
12622
19493
3685
10679
1724
1314
3886
4710
19918
18343
19145
14002
6103
8189
10037
2693
19157
16507
3447
6088
6494
9568
9305
17556
3948
2770
11135
586
19367
3165
8539
16280
6030
13924
9479
7891
3107
6644
2722
5639
11464
12787
9093
19310
13410
14855
18142
3351
18677
11521
8805
14909
11287
12495
1500
14007
11401
10354
4385
17734
3640
19481
19312
3944
12499
13058
16546
15983
3137
19943
17806
19367
395
12303
19342
362
478
12021
12932
11745
14010
12979
18874
1601
2399
11155
5704
16803
3811
19031
19512
6893
8295
5130
3924
18121
6369
4680
7106
1707
5037
19602
19133
17789
13202
10195
41
14881
11925
15806
17405
3014
13686
140
7564
4449
882
7680
467
4483
3568
5349
2717
2923
15443
10443
17428
7471
902
18782
1070
12894
16043
8419
7084
16215
1067
1992
3017
6975
5407
744
4599
9528
15651
9750
5278
17164
811
12289
10857
9708
809
15059
16978
9503
10264
5505
3265
4167
19184
5488
15103
18803
10552
5808
12603
7532
9849
1688
12977
12851
14290
16869
3261
2452
4074
15757
18749
10012
5832
8410
17897
5207
1530
16841
365
16433
7799
5703
15602
1221
5240
9060
19282
11357
2958
11859
1333
14243
77
14756
11543
5034
19798
18821
5411
13551
7444
15365
16054
16184
16691
710
4395
9763
14714
12564
19938
14200
3722
8319
13908
4159
18125
10913
5538
12701
11300
5776
17937
9440
2327
8505
6277
12596
12683
15347
1295
4155
10266
10954
9589
19859
15161
15733
19438
7068
2709
1534
5195
4959
28
428
19748
3506
179
4364
13180
1916
692
6924
11542
6059
16390
12187
18799
19280
8615
11269
18291
7927
8513
4060
12327
15728
19895
17435
6352
6010
11355
9833
9143
3873
438
841
19399
3912
13535
14820
12994
17641
3024
2553
10875
14033
18964
12403
4524
6632
18483
871
11373
4650
15081
17077
4139
5654
9294
7484
5465
10694
16414
15666
7155
3130
3895
11909
1229
9922
18015
16006
19897
13099
19797
11050
18763
16787
6566
5276
11443
18868
8829
10193
8717
8346
18460
11988
9627
14297
778
6086
242
4952
1745
19222
4683
10513
18140
3880
8876
2057
19261
4581
2593
10113
2139
9279
3724
631
8981
15959
10406
5354
18579
8396
8862
2200
10227
8247
8911
5561
19175
18176
18972
13914
3088
13758
5717
7657
4457
6353
7828
11011
5903
8648
9314
14843
14004
2598
6923
14058
17686
6720
19065
449
9843
2396
5002
3103
8314
10047
4800
1038
11397
17444
9189
9452
10389
6378
7173
15389
19075
16074
15959
2939
18007
7718
18264
14939
18508
19075
11434
19304
19753
5401
13689
10573
16478
13784
17726
15519
9373
17097
5016
4641
14728
4824
1079
14700
19983
18965
6138
4038
17292
6038
2869
16803
2927
4635
6655
15114
15400
12364
8680
2314
38
17497
19603
12645
12693
15690
9950
16474
15165
8703
15671
16620
17768
5647
14532
12703
11961
13701
6614
8497
15824
1168
11077
19415
8264
6227
12767
6530
17814
9546
17137
2244
1456
19509
1589
6703
8496
9706
13775
14963
15871
10923
16468
14927
4716
13849
4962
9808
6806
17462
11647
4356
6338
854
3047
1561
13
15131
15927
7711
5361
13841
15094
16311
2421
16021
10706
10722
9559
484
6801
18891
15043
190
17146
16690
10219
2663
15544
12883
18825
5958
14241
6032
11038
18000
18130
18084
8692
19611
6940
18457
4819
18468
15897
15110
10399
15413
14787
8065
13864
13805
214
11715
1202
3730
15760
9031
18839
17572
8982
251
1251
11057
3614
14862
18805
10621
16257
6292
791
19348
5262
17086
2196
3820
3636
9713
10864
13139
8744
7800
18097
18368
15392
9271
4398
13617
19458
5853
10947
11307
14965
10245
9809
2179
146
16981
11062
2283
19691
3153
5955
15872
11985
1730
17276
263
7629
6504
8356
6439
9723
17238
17332
4780
7589
16347
9312
18713
422
4386
8380
2632
13262
382
8792
13920
6852
19312
10600
5322
18244
8398
16725
7465
10483
3500
7215
1400
3658
1761
9807
7868
19109
15729
7364
1556
14101
13757
2530
4001
10875
1674
193
941
739
19700
6004
19808
19650
7374
19965
2822
2431
12216
14763
7052
4991
13377
2978
6470
8013
17567
5784
16127
18191
3254
12677
4382
15020
6694
16945
15860
11296
3756
16000
18830
5132
19435
1148
18375
5124
2643
12297
2558
18089
6272
11328
6344
2631
19899
11422
14586
15940
11785
14422
10265
8974
11729
6233
2265
2397
9938
7608
904
5795
10272
2319
2948
9453
12129
4828
5274
2889
5427
8623
16139
17573
6182
16180
11003
414
5703
11846
11258
4671
6264
9977
2853
13120
19586
932
19640
8865
1669
15523
12637
12926
9866
16808
9647
19283
5191
5373
11030
13289
6781
12716
6904
11360
17014
18240
10689
2169
10256
1234
15337
19832
16336
998
6410
1204
8126
3825
19153
15960
3695
13994
2020
18939
11362
1644
10596
12267
7145
1235
18862
802
5995
7325
8196
6939
11758
9595
12730
7269
3175
14488
5113
10769
70
7947
14905
10167
7712
5006
5616
13328
15567
15610
5931
19689
11551
2808
4213
2965
14519
9833
4183
10104
2641
2144
8518
5806
14308
13869
3458
441
12810
11955
12116
1883
19547
17815
10130
11746
14441
7161
7145
5649
6850
18569
6915
19107
16965
3052
11914
18192
15501
6667
12260
17054
7555
15730
14480
13209
9683
3372
17493
10180
5930
18587
5512
18431
11449
15389
496
17541
5594
2166
16639
2320
5153
17769
10969
6373
2860
9428
14961
5455
5732
10974
11988
1825
3852
5337
1736
13348
9500
6882
7209
16503
7527
7990
